service_id,date,exception_type
000001,20241024,1
000001,20241028,1
000001,20241029,1
000001,20241030,1
000001,20241031,1
000001,20241104,1
000001,20241105,1
000001,20241106,1
000001,20241107,1
000001,20241108,1
000001,20241112,1
000001,20241113,1
000001,20241114,1
000001,20241115,1
000001,20241118,1
000001,20241119,1
000001,20241120,1
000001,20241121,1
000001,20241122,1
000001,20241125,1
000001,20241126,1
000001,20241127,1
000001,20241128,1
000001,20241129,1
000001,20241202,1
000001,20241203,1
000001,20241204,1
000001,20241205,1
000001,20241206,1
000001,20241209,1
000001,20241210,1
000001,20241211,1
000001,20241212,1
000001,20241213,1
000002,20241101,1
000002,20241102,1
000002,20241103,1
000002,20241109,1
000002,20241110,1
000002,20241111,1
000002,20241116,1
000002,20241117,1
000002,20241123,1
000002,20241124,1
000002,20241130,1
000002,20241201,1
000002,20241207,1
000002,20241208,1
000002,20241214,1
000003,20241216,1
000003,20241217,1
000003,20241218,1
000003,20241219,1
000003,20241220,1
000003,20241223,1
000003,20241224,1
000003,20241226,1
000003,20241227,1
000003,20241230,1
000003,20241231,1
000003,20250102,1
000003,20250103,1
000003,20250106,1
000003,20250107,1
000003,20250108,1
000003,20250109,1
000003,20250110,1
000003,20250113,1
000003,20250114,1
000003,20250115,1
000003,20250116,1
000003,20250117,1
000003,20250120,1
000003,20250121,1
000003,20250122,1
000004,20241221,1
000004,20241228,1
000004,20250104,1
000004,20250111,1
000004,20250118,1
000005,20241225,1
000005,20250101,1
000006,20241215,1
000006,20241222,1
000006,20241229,1
000006,20250105,1
000006,20250112,1
000006,20250119,1
000007,20241025,1
000008,20241027,1
000009,20241026,1
000010,20241104,1
000010,20241105,1
000010,20241106,1
000010,20241107,1
000010,20241108,1
000010,20241112,1
000010,20241113,1
000010,20241114,1
000010,20241115,1
000010,20241118,1
000010,20241119,1
000010,20241120,1
000010,20241121,1
000010,20241122,1
000010,20241125,1
000010,20241126,1
000010,20241127,1
000010,20241128,1
000010,20241129,1
000011,20241215,1
000011,20241216,1
000011,20241217,1
000011,20241218,1
000011,20241219,1
000011,20241220,1
000011,20241221,1
000011,20241222,1
000011,20241223,1
000011,20241224,1
000011,20241225,1
000011,20241226,1
000011,20241227,1
000011,20241228,1
000011,20241229,1
000011,20241230,1
000011,20241231,1
000011,20250101,1
000011,20250102,1
000011,20250103,1
000011,20250104,1
000011,20250105,1
000011,20250106,1
000011,20250107,1
000011,20250108,1
000011,20250109,1
000011,20250110,1
000011,20250111,1
000011,20250112,1
000011,20250113,1
000011,20250114,1
000011,20250115,1
000011,20250116,1
000011,20250117,1
000011,20250118,1
000011,20250119,1
000011,20250120,1
000011,20250121,1
000011,20250122,1
000012,20241024,1
000012,20241028,1
000012,20241029,1
000012,20241030,1
000012,20241031,1
000012,20241101,1
000012,20241102,1
000012,20241103,1
000012,20241109,1
000012,20241110,1
000012,20241111,1
000012,20241116,1
000012,20241117,1
000012,20241123,1
000012,20241124,1
000012,20241130,1
000012,20241201,1
000012,20241202,1
000012,20241203,1
000012,20241204,1
000012,20241205,1
000012,20241206,1
000012,20241207,1
000012,20241208,1
000012,20241209,1
000012,20241210,1
000012,20241211,1
000012,20241212,1
000012,20241213,1
000012,20241214,1
000013,20241102,1
000013,20241103,1
000013,20241104,1
000013,20241105,1
000013,20241106,1
000013,20241107,1
000013,20241108,1
000013,20241110,1
000014,20241024,1
000014,20241028,1
000014,20241029,1
000014,20241030,1
000014,20241031,1
000014,20241101,1
000014,20241109,1
000014,20241111,1
000014,20241112,1
000014,20241113,1
000014,20241114,1
000014,20241115,1
000014,20241116,1
000014,20241117,1
000014,20241118,1
000014,20241119,1
000014,20241120,1
000014,20241121,1
000014,20241122,1
000014,20241123,1
000014,20241124,1
000014,20241125,1
000014,20241126,1
000014,20241127,1
000014,20241128,1
000014,20241129,1
000014,20241130,1
000014,20241201,1
000014,20241202,1
000014,20241203,1
000014,20241204,1
000014,20241205,1
000014,20241206,1
000014,20241207,1
000014,20241208,1
000014,20241209,1
000014,20241210,1
000014,20241211,1
000014,20241212,1
000014,20241213,1
000014,20241214,1
000015,20241215,1
000015,20241221,1
000015,20241222,1
000015,20241225,1
000015,20241228,1
000015,20241229,1
000015,20250101,1
000015,20250104,1
000015,20250105,1
000015,20250111,1
000015,20250112,1
000015,20250118,1
000015,20250119,1
000016,20241215,1
000016,20241221,1
000016,20241222,1
000016,20241228,1
000016,20241229,1
000016,20250104,1
000016,20250105,1
000016,20250111,1
000016,20250112,1
000016,20250118,1
000016,20250119,1
000017,20241216,1
000017,20241217,1
000017,20241218,1
000017,20241219,1
000017,20241220,1
000017,20241223,1
000017,20241224,1
000017,20241225,1
000017,20241226,1
000017,20241227,1
000017,20241230,1
000017,20241231,1
000017,20250101,1
000017,20250102,1
000017,20250103,1
000017,20250106,1
000017,20250107,1
000017,20250108,1
000017,20250109,1
000017,20250110,1
000017,20250113,1
000017,20250114,1
000017,20250115,1
000017,20250116,1
000017,20250117,1
000017,20250120,1
000017,20250121,1
000017,20250122,1
000018,20241024,1
000018,20241028,1
000018,20241029,1
000018,20241030,1
000018,20241031,1
000018,20241101,1
000018,20241102,1
000018,20241103,1
000018,20241104,1
000018,20241105,1
000018,20241106,1
000018,20241107,1
000018,20241108,1
000018,20241109,1
000018,20241110,1
000018,20241111,1
000018,20241112,1
000018,20241113,1
000018,20241114,1
000018,20241115,1
000018,20241116,1
000018,20241117,1
000018,20241118,1
000018,20241119,1
000018,20241120,1
000018,20241121,1
000018,20241122,1
000018,20241123,1
000018,20241124,1
000018,20241125,1
000018,20241126,1
000018,20241127,1
000018,20241128,1
000018,20241129,1
000018,20241130,1
000018,20241201,1
000018,20241202,1
000018,20241203,1
000018,20241204,1
000018,20241205,1
000018,20241206,1
000018,20241207,1
000018,20241208,1
000018,20241209,1
000018,20241210,1
000018,20241211,1
000018,20241212,1
000018,20241213,1
000018,20241214,1
000019,20241103,1
000019,20241110,1
000019,20241111,1
000019,20241208,1
000020,20241117,1
000020,20241124,1
000020,20241201,1
000021,20241102,1
000022,20241101,1
000022,20241109,1
000023,20241215,1
000023,20241222,1
000023,20241225,1
000023,20241229,1
000023,20250101,1
000023,20250105,1
000023,20250112,1
000023,20250119,1
000024,20241116,1
000024,20241123,1
000024,20241130,1
000024,20241207,1
000024,20241214,1
000025,20241101,1
000025,20241104,1
000025,20241105,1
000025,20241106,1
000025,20241107,1
000025,20241108,1
000025,20241109,1
000025,20241111,1
000025,20241112,1
000025,20241113,1
000025,20241114,1
000025,20241115,1
000025,20241116,1
000025,20241117,1
000025,20241118,1
000025,20241119,1
000025,20241120,1
000025,20241121,1
000025,20241122,1
000025,20241123,1
000025,20241124,1
000025,20241125,1
000025,20241126,1
000025,20241127,1
000025,20241128,1
000025,20241129,1
000025,20241130,1
000025,20241201,1
000025,20241202,1
000025,20241203,1
000025,20241204,1
000025,20241205,1
000025,20241206,1
000025,20241207,1
000025,20241208,1
000025,20241209,1
000025,20241210,1
000025,20241211,1
000025,20241212,1
000025,20241213,1
000025,20241214,1
000026,20241102,1
000026,20241103,1
000026,20241110,1
000027,20241024,1
000027,20241028,1
000027,20241029,1
000027,20241030,1
000027,20241031,1
000028,20241102,1
000028,20241110,1
000029,20241101,1
000030,20241103,1
000030,20241104,1
000030,20241105,1
000030,20241106,1
000030,20241107,1
000030,20241109,1
000030,20241111,1
000030,20241112,1
000030,20241113,1
000030,20241114,1
000030,20241116,1
000030,20241117,1
000030,20241118,1
000030,20241119,1
000030,20241120,1
000030,20241121,1
000030,20241123,1
000030,20241124,1
000030,20241125,1
000030,20241126,1
000030,20241127,1
000030,20241128,1
000030,20241130,1
000030,20241201,1
000030,20241202,1
000030,20241203,1
000030,20241204,1
000030,20241205,1
000030,20241207,1
000030,20241208,1
000030,20241209,1
000030,20241210,1
000030,20241211,1
000030,20241212,1
000030,20241214,1
000031,20241108,1
000031,20241115,1
000031,20241122,1
000031,20241129,1
000031,20241206,1
000031,20241213,1
000032,20250106,1
000033,20250107,1
000033,20250108,1
000033,20250109,1
000033,20250110,1
000033,20250113,1
000033,20250114,1
000033,20250115,1
000033,20250116,1
000033,20250117,1
000033,20250120,1
000033,20250121,1
000033,20250122,1
000034,20241216,1
000034,20241217,1
000034,20241218,1
000034,20241219,1
000034,20241220,1
000034,20241223,1
000034,20241224,1
000034,20241225,1
000034,20241226,1
000034,20241227,1
000034,20241230,1
000034,20241231,1
000034,20250101,1
000034,20250102,1
000034,20250103,1
000035,20241024,1
000035,20241028,1
000035,20241029,1
000035,20241030,1
000035,20241031,1
000035,20241101,1
000035,20241102,1
000035,20241104,1
000035,20241105,1
000035,20241106,1
000035,20241107,1
000035,20241108,1
000035,20241112,1
000035,20241113,1
000035,20241114,1
000035,20241115,1
000035,20241116,1
000035,20241118,1
000035,20241119,1
000035,20241120,1
000035,20241121,1
000035,20241122,1
000035,20241123,1
000035,20241125,1
000035,20241126,1
000035,20241127,1
000035,20241128,1
000035,20241129,1
000035,20241130,1
000035,20241202,1
000035,20241203,1
000035,20241204,1
000035,20241205,1
000035,20241206,1
000035,20241207,1
000035,20241209,1
000035,20241210,1
000035,20241211,1
000035,20241212,1
000035,20241213,1
000035,20241214,1
000036,20241109,1
000037,20241216,1
000037,20241217,1
000037,20241218,1
000037,20241219,1
000037,20241220,1
000037,20241221,1
000037,20241223,1
000037,20241224,1
000037,20241225,1
000037,20241226,1
000037,20241227,1
000037,20241228,1
000037,20241230,1
000037,20241231,1
000037,20250101,1
000037,20250102,1
000037,20250103,1
000037,20250104,1
000038,20250106,1
000038,20250107,1
000038,20250108,1
000038,20250109,1
000038,20250110,1
000038,20250111,1
000038,20250113,1
000038,20250114,1
000038,20250115,1
000038,20250116,1
000038,20250117,1
000038,20250118,1
000038,20250120,1
000038,20250121,1
000038,20250122,1
000039,20241105,1
000039,20241106,1
000039,20241107,1
000039,20241108,1
000040,20241024,1
000040,20241028,1
000040,20241029,1
000040,20241030,1
000040,20241031,1
000040,20241104,1
000041,20241112,1
000042,20241111,1
000042,20241117,1
000042,20241208,1
000043,20241223,1
000043,20241224,1
000043,20241225,1
000043,20241226,1
000043,20241227,1
000043,20241230,1
000043,20241231,1
000043,20250101,1
000043,20250102,1
000043,20250103,1
000044,20250106,1
000044,20250107,1
000044,20250108,1
000044,20250109,1
000044,20250110,1
000045,20241215,1
000045,20241221,1
000045,20241222,1
000045,20241228,1
000045,20241229,1
000045,20250104,1
000045,20250105,1
000046,20250112,1
000047,20250111,1
000047,20250118,1
000047,20250119,1
000048,20250113,1
000048,20250114,1
000048,20250115,1
000048,20250116,1
000048,20250117,1
000048,20250120,1
000048,20250121,1
000048,20250122,1
000049,20241113,1
000049,20241114,1
000049,20241115,1
000050,20241118,1
000050,20241125,1
000050,20241202,1
000050,20241209,1
000051,20241119,1
000051,20241120,1
000051,20241121,1
000051,20241122,1
000051,20241126,1
000051,20241127,1
000051,20241128,1
000051,20241129,1
000051,20241203,1
000051,20241204,1
000051,20241205,1
000051,20241206,1
000051,20241210,1
000051,20241211,1
000051,20241212,1
000051,20241213,1
000052,20241216,1
000052,20241217,1
000052,20241218,1
000052,20241219,1
000052,20241220,1
000053,20241101,1
000053,20241102,1
000053,20241103,1
000053,20241109,1
000053,20241110,1
000053,20241116,1
000053,20241123,1
000053,20241130,1
000053,20241207,1
000053,20241214,1
000054,20241103,1
000054,20241110,1
000054,20241111,1
000054,20241117,1
000054,20241208,1
000055,20241215,1
000055,20241222,1
000055,20241229,1
000055,20250105,1
000056,20250112,1
000056,20250119,1
000057,20250106,1
000057,20250107,1
000057,20250108,1
000057,20250109,1
000057,20250110,1
000057,20250113,1
000057,20250114,1
000057,20250115,1
000057,20250116,1
000057,20250117,1
000057,20250120,1
000057,20250121,1
000057,20250122,1
000058,20241024,1
000058,20241028,1
000058,20241029,1
000058,20241104,1
000058,20241105,1
000058,20241106,1
000058,20241107,1
000058,20241108,1
000058,20241111,1
000058,20241112,1
000058,20241113,1
000058,20241114,1
000058,20241115,1
000058,20241116,1
000058,20241117,1
000058,20241118,1
000058,20241119,1
000058,20241120,1
000058,20241121,1
000058,20241122,1
000058,20241123,1
000058,20241125,1
000058,20241126,1
000058,20241127,1
000058,20241128,1
000058,20241129,1
000058,20241130,1
000058,20241202,1
000058,20241203,1
000058,20241204,1
000058,20241205,1
000058,20241206,1
000058,20241207,1
000058,20241208,1
000058,20241209,1
000058,20241210,1
000058,20241211,1
000058,20241212,1
000058,20241213,1
000058,20241214,1
000059,20241030,1
000059,20241031,1
000059,20241101,1
000059,20241102,1
000059,20241103,1
000060,20241109,1
000060,20241110,1
000061,20241215,1
000061,20241216,1
000061,20241217,1
000061,20241218,1
000061,20241219,1
000061,20241220,1
000061,20241223,1
000061,20241225,1
000061,20241226,1
000061,20241230,1
000061,20250101,1
000062,20241221,1
000062,20241222,1
000062,20241224,1
000062,20241227,1
000062,20241228,1
000062,20241229,1
000062,20241231,1
000062,20250102,1
000062,20250103,1
000062,20250104,1
000062,20250105,1
000063,20250106,1
000063,20250107,1
000063,20250108,1
000063,20250109,1
000063,20250110,1
000063,20250111,1
000063,20250112,1
000063,20250113,1
000063,20250114,1
000063,20250115,1
000063,20250116,1
000063,20250117,1
000063,20250118,1
000063,20250119,1
000063,20250120,1
000063,20250121,1
000063,20250122,1
000064,20241024,1
000064,20241028,1
000064,20241029,1
000064,20241030,1
000064,20241031,1
000064,20241101,1
000064,20241104,1
000064,20241105,1
000064,20241106,1
000064,20241107,1
000064,20241108,1
000065,20241102,1
000065,20241109,1
000066,20241116,1
000066,20241123,1
000066,20241207,1
000066,20241214,1
000067,20241112,1
000067,20241113,1
000067,20241114,1
000067,20241115,1
000067,20241118,1
000067,20241119,1
000067,20241120,1
000067,20241121,1
000067,20241122,1
000067,20241125,1
000067,20241126,1
000067,20241127,1
000067,20241128,1
000067,20241129,1
000067,20241202,1
000067,20241203,1
000067,20241204,1
000067,20241205,1
000067,20241206,1
000067,20241209,1
000067,20241210,1
000067,20241211,1
000067,20241212,1
000067,20241213,1
000068,20241130,1
000069,20250113,1
000069,20250114,1
000069,20250115,1
000069,20250116,1
000070,20250111,1
000070,20250117,1
000070,20250118,1
000070,20250120,1
000070,20250121,1
000070,20250122,1
000071,20241129,1
000071,20241206,1
000072,20241109,1
000072,20241116,1
000072,20241207,1
000072,20241214,1
000073,20241103,1
000073,20241108,1
000073,20241110,1
000073,20241111,1
000073,20241115,1
000073,20241117,1
000073,20241122,1
000073,20241208,1
000073,20241213,1
000074,20241101,1
000074,20241102,1
000075,20241029,1
000076,20241028,1
000076,20241030,1
000076,20241031,1
000077,20241203,1
000078,20241104,1
000078,20241105,1
000078,20241106,1
000078,20241107,1
000078,20241112,1
000078,20241113,1
000078,20241114,1
000078,20241118,1
000078,20241119,1
000078,20241120,1
000078,20241121,1
000079,20241024,1
000080,20241205,1
000081,20241123,1
000081,20241130,1
000082,20241125,1
000082,20241126,1
000083,20241209,1
000083,20241210,1
000084,20241127,1
000084,20241128,1
000084,20241202,1
000084,20241204,1
000084,20241211,1
000084,20241212,1
000085,20241215,1
000085,20241216,1
000085,20241217,1
000085,20241218,1
000085,20241219,1
000085,20241220,1
000085,20241222,1
000085,20241223,1
000085,20241224,1
000085,20241225,1
000085,20241226,1
000085,20241227,1
000085,20241229,1
000085,20241230,1
000085,20241231,1
000085,20250101,1
000085,20250102,1
000085,20250103,1
000085,20250105,1
000086,20241221,1
000086,20241228,1
000086,20250104,1
000087,20250111,1
000087,20250118,1
000088,20250106,1
000088,20250107,1
000088,20250108,1
000088,20250109,1
000088,20250110,1
000088,20250112,1
000088,20250113,1
000088,20250114,1
000088,20250115,1
000088,20250116,1
000088,20250117,1
000088,20250119,1
000088,20250120,1
000088,20250121,1
000088,20250122,1
000089,20241117,1
000089,20241208,1
000090,20241103,1
000091,20241111,1
000092,20241024,1
000092,20241104,1
000092,20241105,1
000092,20241107,1
000092,20241108,1
000092,20241112,1
000092,20241113,1
000092,20241114,1
000092,20241115,1
000092,20241119,1
000092,20241120,1
000092,20241121,1
000092,20241125,1
000092,20241126,1
000092,20241127,1
000092,20241128,1
000092,20241129,1
000092,20241203,1
000092,20241205,1
000092,20241209,1
000092,20241210,1
000092,20241212,1
000092,20241213,1
000093,20241102,1
000093,20241109,1
000093,20241116,1
000093,20241207,1
000093,20241214,1
000094,20241106,1
000095,20241118,1
000095,20241122,1
000095,20241211,1
000096,20250106,1
000096,20250107,1
000096,20250108,1
000096,20250109,1
000096,20250110,1
000096,20250117,1
000096,20250120,1
000096,20250121,1
000096,20250122,1
000097,20241105,1
000097,20241107,1
000097,20241119,1
000097,20241121,1
000097,20241209,1
000097,20241210,1
000098,20241125,1
000098,20241126,1
000098,20241127,1
000098,20241128,1
000098,20241129,1
000098,20241202,1
000098,20241204,1
000098,20241206,1
000099,20241101,1
000099,20241103,1
000099,20241104,1
000099,20241106,1
000099,20241108,1
000099,20241110,1
000099,20241111,1
000099,20241112,1
000099,20241113,1
000099,20241114,1
000099,20241115,1
000099,20241117,1
000099,20241118,1
000099,20241120,1
000099,20241122,1
000099,20241208,1
000099,20241211,1
000099,20241212,1
000099,20241213,1
000100,20250120,1
000100,20250121,1
000100,20250122,1
000101,20241215,1
000101,20241216,1
000101,20241217,1
000101,20241218,1
000101,20241219,1
000101,20241220,1
000101,20241221,1
000101,20241222,1
000101,20241223,1
000101,20241224,1
000101,20241225,1
000101,20241226,1
000101,20241227,1
000101,20241228,1
000101,20241229,1
000101,20241230,1
000101,20241231,1
000101,20250101,1
000101,20250102,1
000101,20250103,1
000101,20250104,1
000101,20250105,1
000102,20250106,1
000102,20250107,1
000102,20250108,1
000102,20250109,1
000102,20250110,1
000102,20250111,1
000102,20250112,1
000102,20250113,1
000102,20250114,1
000102,20250115,1
000102,20250116,1
000102,20250117,1
000102,20250118,1
000102,20250119,1
000103,20241103,1
000103,20241110,1
000103,20241111,1
000103,20241117,1
000104,20241208,1
000105,20241101,1
000105,20241102,1
000105,20241109,1
000105,20241116,1
000105,20241207,1
000105,20241214,1
000106,20241105,1
000106,20241107,1
000106,20241119,1
000106,20241121,1
000106,20241203,1
000106,20241205,1
000106,20241209,1
000106,20241210,1
000107,20241102,1
000107,20241104,1
000107,20241108,1
000107,20241109,1
000107,20241112,1
000107,20241113,1
000107,20241114,1
000107,20241115,1
000107,20241116,1
000107,20241120,1
000107,20241127,1
000107,20241128,1
000107,20241129,1
000107,20241207,1
000107,20241212,1
000107,20241213,1
000107,20241214,1
000108,20241106,1
000108,20241118,1
000108,20241122,1
000108,20241211,1
000109,20250111,1
000109,20250118,1
000109,20250120,1
000109,20250121,1
000109,20250122,1
000110,20250117,1
000111,20241028,1
000111,20241029,1
000111,20241030,1
000111,20241031,1
000111,20241101,1
000111,20241102,1
000111,20241103,1
000111,20241104,1
000111,20241106,1
000111,20241108,1
000111,20241111,1
000111,20241112,1
000111,20241113,1
000111,20241114,1
000111,20241115,1
000111,20241116,1
000111,20241117,1
000111,20241118,1
000111,20241120,1
000111,20241122,1
000111,20241125,1
000111,20241126,1
000111,20241127,1
000111,20241128,1
000111,20241129,1
000111,20241202,1
000111,20241204,1
000111,20241206,1
000111,20241207,1
000111,20241208,1
000111,20241211,1
000111,20241212,1
000111,20241213,1
000111,20241214,1
000112,20241024,1
000112,20241105,1
000112,20241107,1
000112,20241119,1
000112,20241121,1
000112,20241209,1
000112,20241210,1
000113,20241124,1
000114,20241104,1
000114,20241105,1
000114,20241106,1
000114,20241107,1
000114,20241108,1
000114,20241109,1
000114,20241112,1
000114,20241113,1
000114,20241114,1
000114,20241115,1
000114,20241116,1
000114,20241117,1
000115,20241118,1
000115,20241119,1
000115,20241120,1
000115,20241121,1
000115,20241122,1
000115,20241124,1
000115,20241125,1
000115,20241126,1
000115,20241127,1
000115,20241128,1
000115,20241129,1
000115,20241201,1
000115,20241202,1
000115,20241203,1
000115,20241204,1
000115,20241205,1
000115,20241206,1
000115,20241207,1
000115,20241208,1
000115,20241209,1
000115,20241210,1
000115,20241211,1
000115,20241212,1
000115,20241213,1
000115,20241214,1
000116,20241101,1
000116,20241102,1
000116,20241103,1
000117,20241028,1
000117,20241029,1
000117,20241030,1
000117,20241031,1
000118,20241110,1
000118,20241111,1
000119,20241215,1
000119,20241216,1
000119,20241217,1
000119,20241218,1
000119,20241219,1
000119,20241220,1
000119,20241224,1
000119,20241225,1
000119,20241227,1
000119,20241231,1
000119,20250101,1
000120,20241221,1
000120,20241222,1
000120,20241223,1
000120,20241226,1
000120,20241228,1
000120,20241229,1
000120,20241230,1
000120,20250102,1
000120,20250103,1
000120,20250104,1
000120,20250105,1
000121,20241103,1
000121,20241110,1
000121,20241117,1
000121,20241124,1
000121,20241201,1
000121,20241208,1
000122,20241104,1
000122,20241105,1
000122,20241106,1
000122,20241107,1
000122,20241108,1
000122,20241112,1
000122,20241113,1
000122,20241114,1
000122,20241115,1
000122,20241118,1
000122,20241119,1
000122,20241120,1
000122,20241121,1
000122,20241122,1
000122,20241125,1
000122,20241126,1
000122,20241127,1
000122,20241128,1
000122,20241129,1
000122,20241202,1
000122,20241203,1
000122,20241205,1
000122,20241209,1
000122,20241210,1
000122,20241211,1
000122,20241212,1
000122,20241213,1
000123,20241204,1
000123,20241206,1
000124,20250111,1
000124,20250112,1
000124,20250118,1
000124,20250119,1
000125,20241028,1
000125,20241029,1
000125,20241030,1
000125,20241203,1
000125,20241205,1
000126,20241101,1
000126,20241111,1
000127,20241031,1
000127,20241104,1
000127,20241105,1
000127,20241106,1
000127,20241107,1
000127,20241108,1
000127,20241112,1
000127,20241113,1
000127,20241114,1
000127,20241115,1
000127,20241118,1
000127,20241119,1
000127,20241120,1
000127,20241121,1
000127,20241122,1
000127,20241125,1
000127,20241126,1
000127,20241127,1
000127,20241128,1
000127,20241129,1
000127,20241202,1
000127,20241204,1
000127,20241206,1
000127,20241209,1
000127,20241210,1
000127,20241211,1
000127,20241212,1
000127,20241213,1
000128,20241024,1
000128,20241101,1
000128,20241103,1
000128,20241110,1
000128,20241111,1
000128,20241117,1
000128,20241124,1
000128,20241208,1
000129,20241028,1
000129,20241029,1
000129,20241030,1
000129,20241031,1
000129,20241104,1
000129,20241105,1
000129,20241106,1
000129,20241107,1
000129,20241108,1
000129,20241112,1
000129,20241113,1
000129,20241114,1
000129,20241115,1
000129,20241118,1
000129,20241119,1
000129,20241120,1
000129,20241121,1
000129,20241122,1
000129,20241125,1
000129,20241126,1
000129,20241127,1
000129,20241128,1
000129,20241129,1
000129,20241202,1
000129,20241203,1
000129,20241204,1
000129,20241205,1
000129,20241206,1
000129,20241209,1
000129,20241210,1
000129,20241211,1
000129,20241212,1
000129,20241213,1
000130,20241215,1
000130,20241221,1
000130,20241222,1
000130,20241223,1
000130,20241224,1
000130,20241225,1
000130,20241226,1
000130,20241227,1
000130,20241228,1
000130,20241229,1
000130,20241230,1
000130,20241231,1
000130,20250101,1
000130,20250102,1
000130,20250103,1
000130,20250104,1
000130,20250105,1
000131,20241024,1
000131,20241028,1
000131,20241029,1
000131,20241030,1
000131,20241031,1
000131,20241103,1
000131,20241104,1
000131,20241105,1
000131,20241106,1
000131,20241107,1
000131,20241108,1
000131,20241109,1
000131,20241110,1
000131,20241111,1
000131,20241112,1
000131,20241113,1
000131,20241114,1
000131,20241115,1
000131,20241116,1
000131,20241117,1
000131,20241118,1
000131,20241119,1
000131,20241120,1
000131,20241121,1
000131,20241122,1
000131,20241124,1
000131,20241125,1
000131,20241126,1
000131,20241127,1
000131,20241128,1
000131,20241129,1
000131,20241201,1
000131,20241202,1
000131,20241203,1
000131,20241204,1
000131,20241205,1
000131,20241206,1
000131,20241207,1
000131,20241208,1
000131,20241209,1
000131,20241210,1
000131,20241211,1
000131,20241212,1
000131,20241213,1
000131,20241214,1
000132,20241104,1
000132,20241105,1
000132,20241106,1
000132,20241107,1
000132,20241112,1
000132,20241113,1
000132,20241114,1
000132,20241118,1
000132,20241119,1
000132,20241120,1
000132,20241121,1
000132,20241125,1
000132,20241126,1
000132,20241127,1
000132,20241128,1
000132,20241202,1
000132,20241203,1
000132,20241204,1
000132,20241205,1
000132,20241209,1
000132,20241210,1
000132,20241211,1
000132,20241212,1
000133,20241024,1
000133,20241028,1
000133,20241029,1
000133,20241030,1
000133,20241031,1
000133,20241108,1
000133,20241115,1
000133,20241122,1
000133,20241129,1
000133,20241206,1
000133,20241213,1
000134,20241024,1
000134,20241028,1
000134,20241029,1
000134,20241030,1
000134,20241031,1
000134,20241103,1
000134,20241104,1
000134,20241105,1
000134,20241106,1
000134,20241107,1
000134,20241108,1
000134,20241110,1
000134,20241111,1
000134,20241112,1
000134,20241113,1
000134,20241114,1
000134,20241115,1
000134,20241117,1
000134,20241118,1
000134,20241119,1
000134,20241120,1
000134,20241121,1
000134,20241122,1
000134,20241124,1
000134,20241125,1
000134,20241126,1
000134,20241127,1
000134,20241128,1
000134,20241129,1
000134,20241201,1
000134,20241202,1
000134,20241203,1
000134,20241204,1
000134,20241205,1
000134,20241206,1
000134,20241208,1
000134,20241209,1
000134,20241210,1
000134,20241211,1
000134,20241212,1
000134,20241213,1
000135,20241101,1
000135,20241102,1
000135,20241103,1
000135,20241111,1
000135,20241117,1
000135,20241124,1
000135,20241201,1
000135,20241208,1
000136,20241024,1
000136,20241028,1
000136,20241029,1
000136,20241030,1
000136,20241031,1
000136,20241104,1
000136,20241105,1
000136,20241106,1
000136,20241107,1
000136,20241108,1
000136,20241109,1
000136,20241110,1
000136,20241112,1
000136,20241113,1
000136,20241114,1
000136,20241115,1
000136,20241116,1
000136,20241118,1
000136,20241119,1
000136,20241120,1
000136,20241121,1
000136,20241122,1
000136,20241125,1
000136,20241126,1
000136,20241127,1
000136,20241128,1
000136,20241129,1
000136,20241202,1
000136,20241203,1
000136,20241204,1
000136,20241205,1
000136,20241206,1
000136,20241207,1
000136,20241209,1
000136,20241210,1
000136,20241211,1
000136,20241212,1
000136,20241213,1
000136,20241214,1
000137,20241024,1
000137,20241028,1
000137,20241029,1
000137,20241030,1
000137,20241031,1
000137,20241101,1
000137,20241102,1
000137,20241103,1
000137,20241104,1
000137,20241105,1
000137,20241106,1
000137,20241107,1
000137,20241108,1
000137,20241112,1
000137,20241113,1
000137,20241114,1
000137,20241115,1
000137,20241116,1
000137,20241117,1
000137,20241118,1
000137,20241119,1
000137,20241120,1
000137,20241121,1
000137,20241122,1
000137,20241124,1
000137,20241201,1
000137,20241207,1
000137,20241208,1
000137,20241214,1
000138,20241109,1
000138,20241110,1
000138,20241111,1
000139,20241125,1
000139,20241126,1
000139,20241127,1
000139,20241128,1
000139,20241129,1
000139,20241202,1
000139,20241203,1
000139,20241204,1
000139,20241205,1
000139,20241206,1
000139,20241209,1
000139,20241210,1
000139,20241211,1
000139,20241212,1
000139,20241213,1
000140,20250106,1
000140,20250107,1
000140,20250108,1
000140,20250109,1
000140,20250113,1
000140,20250114,1
000140,20250115,1
000140,20250116,1
000140,20250120,1
000140,20250121,1
000140,20250122,1
000141,20250119,1
000142,20241216,1
000142,20241217,1
000142,20241218,1
000142,20241219,1
000143,20241223,1
000143,20241224,1
000143,20241226,1
000143,20241230,1
000143,20241231,1
000143,20250102,1
000144,20241215,1
000144,20250105,1
000145,20250110,1
000145,20250117,1
000146,20241222,1
000146,20241229,1
000147,20250111,1
000148,20250118,1
000149,20241220,1
000150,20241227,1
000150,20250103,1
000151,20241115,1
000151,20241122,1
000151,20241129,1
000151,20241206,1
000152,20241213,1
000153,20241028,1
000153,20241029,1
000153,20241030,1
000153,20241104,1
000153,20241105,1
000153,20241106,1
000153,20241107,1
000153,20241112,1
000153,20241113,1
000153,20241114,1
000153,20241118,1
000153,20241119,1
000153,20241120,1
000153,20241121,1
000153,20241125,1
000153,20241126,1
000153,20241127,1
000153,20241128,1
000153,20241202,1
000153,20241203,1
000153,20241204,1
000153,20241205,1
000153,20241209,1
000153,20241210,1
000153,20241211,1
000153,20241212,1
000154,20241108,1
000155,20241031,1
000156,20241216,1
000156,20241217,1
000156,20241218,1
000156,20241219,1
000156,20241223,1
000156,20241225,1
000156,20241226,1
000156,20241230,1
000156,20250101,1
000156,20250102,1
000156,20250106,1
000156,20250107,1
000156,20250108,1
000156,20250109,1
000156,20250113,1
000156,20250114,1
000156,20250115,1
000156,20250116,1
000156,20250120,1
000156,20250121,1
000156,20250122,1
000157,20241220,1
000157,20241227,1
000157,20250103,1
000157,20250110,1
000157,20250117,1
000158,20241024,1
000158,20241028,1
000158,20241029,1
000158,20241030,1
000158,20241031,1
000158,20241104,1
000158,20241105,1
000158,20241106,1
000158,20241107,1
000158,20241108,1
000158,20241111,1
000158,20241112,1
000158,20241113,1
000158,20241114,1
000158,20241115,1
000158,20241118,1
000158,20241119,1
000158,20241120,1
000158,20241121,1
000158,20241122,1
000158,20241125,1
000158,20241126,1
000158,20241127,1
000158,20241128,1
000158,20241129,1
000158,20241202,1
000158,20241203,1
000158,20241204,1
000158,20241205,1
000158,20241206,1
000158,20241209,1
000158,20241210,1
000158,20241211,1
000158,20241212,1
000159,20241217,1
000159,20241219,1
000159,20241223,1
000159,20241225,1
000159,20241226,1
000159,20241227,1
000159,20241230,1
000159,20250101,1
000159,20250102,1
000159,20250103,1
000159,20250106,1
000159,20250107,1
000159,20250108,1
000159,20250109,1
000159,20250110,1
000159,20250113,1
000159,20250114,1
000159,20250115,1
000159,20250116,1
000159,20250117,1
000159,20250120,1
000159,20250121,1
000159,20250122,1
000160,20241216,1
000160,20241218,1
000160,20241220,1
000161,20241116,1
000162,20241202,1
000162,20241203,1
000162,20241204,1
000162,20241205,1
000162,20241206,1
000162,20241209,1
000162,20241210,1
000162,20241211,1
000162,20241212,1
000162,20241213,1
000163,20241102,1
000163,20241207,1
000164,20241105,1
000164,20241112,1
000165,20241117,1
000166,20241201,1
000167,20241208,1
000167,20241214,1
000168,20241028,1
000168,20241029,1
000168,20241030,1
000168,20241031,1
000168,20241101,1
000168,20241104,1
000168,20241106,1
000168,20241107,1
000168,20241108,1
000168,20241111,1
000168,20241113,1
000168,20241114,1
000168,20241115,1
000168,20241118,1
000168,20241119,1
000168,20241120,1
000168,20241121,1
000168,20241122,1
000168,20241125,1
000168,20241126,1
000168,20241127,1
000168,20241128,1
000168,20241129,1
000169,20241220,1
000169,20241227,1
000169,20250103,1
000170,20241216,1
000170,20241217,1
000170,20241218,1
000170,20241219,1
000170,20241223,1
000170,20241225,1
000170,20241226,1
000170,20241230,1
000170,20250101,1
000170,20250102,1
000171,20241101,1
000171,20241108,1
000171,20241115,1
000171,20241122,1
000171,20241129,1
000171,20241206,1
000171,20241213,1
000172,20241202,1
000172,20241203,1
000172,20241204,1
000172,20241205,1
000172,20241209,1
000172,20241210,1
000172,20241211,1
000172,20241212,1
000173,20241102,1
000173,20241116,1
000173,20241207,1
000174,20241103,1
000174,20241124,1
000175,20241028,1
000175,20241029,1
000175,20241030,1
000175,20241031,1
000175,20241104,1
000175,20241105,1
000175,20241106,1
000175,20241107,1
000175,20241111,1
000175,20241112,1
000175,20241113,1
000175,20241114,1
000175,20241118,1
000175,20241119,1
000175,20241120,1
000175,20241121,1
000175,20241125,1
000175,20241126,1
000175,20241127,1
000175,20241128,1
000176,20241201,1
000176,20241208,1
000177,20241214,1
000178,20241223,1
000178,20241225,1
000178,20241226,1
000178,20241230,1
000178,20250101,1
000178,20250102,1
000178,20250106,1
000178,20250107,1
000178,20250108,1
000178,20250109,1
000178,20250113,1
000178,20250114,1
000178,20250115,1
000178,20250116,1
000178,20250120,1
000178,20250121,1
000178,20250122,1
000179,20241107,1
000180,20241104,1
000181,20241105,1
000182,20241113,1
000183,20241110,1
000184,20241128,1
000185,20241119,1
000186,20241120,1
000187,20241211,1
000188,20241121,1
000189,20241202,1
000190,20241210,1
000191,20241204,1
000192,20241118,1
000193,20241126,1
000194,20241127,1
000195,20241209,1
000196,20241212,1
000197,20241114,1
000198,20241125,1
000199,20241028,1
000200,20241030,1
000201,20241215,1
000202,20250103,1
000203,20241221,1
000204,20241228,1
000205,20241227,1
000206,20250104,1
000207,20241223,1
000208,20250102,1
000209,20241216,1
000210,20241219,1
000211,20241230,1
000212,20241218,1
000213,20250101,1
000214,20241225,1
000215,20241226,1
000216,20241217,1
000217,20250105,1
000218,20241222,1
000219,20241229,1
000220,20241206,1
000221,20241115,1
000222,20241129,1
000223,20241122,1
000224,20241207,1
000225,20241119,1
000225,20241120,1
000225,20241121,1
000225,20241126,1
000225,20241127,1
000225,20241128,1
000225,20241203,1
000225,20241204,1
000225,20241205,1
000225,20241210,1
000225,20241211,1
000225,20241212,1
000226,20241024,1
000226,20241028,1
000226,20241029,1
000226,20241030,1
000226,20241031,1
000226,20241101,1
000226,20241103,1
000226,20241104,1
000226,20241105,1
000226,20241106,1
000226,20241107,1
000226,20241108,1
000226,20241109,1
000226,20241110,1
000226,20241111,1
000226,20241112,1
000226,20241113,1
000226,20241114,1
000226,20241115,1
000226,20241116,1
000226,20241117,1
000226,20241123,1
000226,20241124,1
000226,20241130,1
000226,20241201,1
000226,20241207,1
000226,20241208,1
000226,20241214,1
000227,20241215,1
000227,20241216,1
000227,20241217,1
000227,20241218,1
000227,20241219,1
000227,20241220,1
000227,20241222,1
000227,20241223,1
000227,20241224,1
000227,20241225,1
000227,20241226,1
000227,20241227,1
000227,20241229,1
000227,20241230,1
000227,20241231,1
000227,20250101,1
000227,20250102,1
000227,20250103,1
000227,20250105,1
000227,20250106,1
000227,20250107,1
000227,20250108,1
000227,20250109,1
000227,20250110,1
000227,20250111,1
000227,20250112,1
000227,20250113,1
000227,20250114,1
000227,20250115,1
000227,20250116,1
000227,20250117,1
000227,20250118,1
000227,20250119,1
000227,20250120,1
000227,20250121,1
000227,20250122,1
000228,20241118,1
000228,20241122,1
000228,20241125,1
000228,20241129,1
000228,20241202,1
000228,20241206,1
000228,20241209,1
000228,20241213,1
000229,20241024,1
000229,20241028,1
000229,20241029,1
000229,20241030,1
000229,20241031,1
000229,20241101,1
000229,20241102,1
000229,20241103,1
000229,20241104,1
000229,20241105,1
000229,20241106,1
000229,20241107,1
000229,20241108,1
000229,20241112,1
000229,20241113,1
000229,20241114,1
000229,20241115,1
000229,20241116,1
000229,20241117,1
000229,20241118,1
000229,20241119,1
000229,20241120,1
000229,20241121,1
000229,20241122,1
000229,20241123,1
000229,20241124,1
000229,20241125,1
000229,20241126,1
000229,20241127,1
000229,20241128,1
000229,20241129,1
000229,20241130,1
000229,20241201,1
000229,20241202,1
000229,20241203,1
000229,20241204,1
000229,20241205,1
000229,20241206,1
000229,20241207,1
000229,20241208,1
000229,20241209,1
000229,20241210,1
000229,20241211,1
000229,20241212,1
000229,20241213,1
000229,20241214,1
000230,20241215,1
000230,20241216,1
000230,20241217,1
000230,20241218,1
000230,20241219,1
000230,20241220,1
000230,20241221,1
000230,20241223,1
000230,20241224,1
000230,20241225,1
000230,20241226,1
000230,20241227,1
000230,20241228,1
000230,20241230,1
000230,20241231,1
000230,20250101,1
000230,20250102,1
000230,20250103,1
000230,20250104,1
000230,20250106,1
000230,20250107,1
000230,20250108,1
000230,20250109,1
000230,20250110,1
000230,20250111,1
000230,20250112,1
000230,20250113,1
000230,20250114,1
000230,20250115,1
000230,20250116,1
000230,20250117,1
000230,20250118,1
000230,20250119,1
000230,20250120,1
000230,20250121,1
000230,20250122,1
000231,20241222,1
000231,20241229,1
000231,20250105,1
000232,20241024,1
000232,20241028,1
000232,20241029,1
000232,20241030,1
000232,20241031,1
000232,20241101,1
000232,20241102,1
000232,20241104,1
000232,20241105,1
000232,20241106,1
000232,20241107,1
000232,20241108,1
000232,20241109,1
000232,20241110,1
000232,20241111,1
000232,20241112,1
000232,20241113,1
000232,20241114,1
000232,20241115,1
000232,20241116,1
000232,20241117,1
000232,20241119,1
000232,20241120,1
000232,20241121,1
000232,20241123,1
000232,20241124,1
000232,20241126,1
000232,20241127,1
000232,20241128,1
000232,20241130,1
000232,20241201,1
000232,20241203,1
000232,20241204,1
000232,20241205,1
000232,20241207,1
000232,20241208,1
000232,20241210,1
000232,20241211,1
000232,20241212,1
000232,20241214,1
000233,20241024,1
000233,20241028,1
000233,20241029,1
000233,20241030,1
000233,20241031,1
000233,20241101,1
000233,20241102,1
000233,20241103,1
000233,20241104,1
000233,20241105,1
000233,20241106,1
000233,20241107,1
000233,20241108,1
000233,20241109,1
000233,20241110,1
000233,20241111,1
000233,20241112,1
000233,20241113,1
000233,20241114,1
000233,20241115,1
000233,20241116,1
000233,20241117,1
000233,20241118,1
000233,20241122,1
000233,20241123,1
000233,20241124,1
000233,20241125,1
000233,20241129,1
000233,20241130,1
000233,20241201,1
000233,20241202,1
000233,20241206,1
000233,20241207,1
000233,20241208,1
000233,20241209,1
000233,20241213,1
000233,20241214,1
000234,20241024,1
000234,20241028,1
000234,20241029,1
000234,20241030,1
000234,20241031,1
000234,20241101,1
000234,20241102,1
000234,20241103,1
000234,20241104,1
000234,20241105,1
000234,20241106,1
000234,20241110,1
000234,20241111,1
000234,20241112,1
000234,20241113,1
000234,20241114,1
000234,20241115,1
000234,20241116,1
000234,20241117,1
000234,20241118,1
000234,20241119,1
000234,20241120,1
000234,20241121,1
000234,20241122,1
000234,20241123,1
000234,20241124,1
000234,20241125,1
000234,20241126,1
000234,20241127,1
000234,20241128,1
000234,20241129,1
000234,20241130,1
000234,20241201,1
000234,20241202,1
000234,20241203,1
000234,20241204,1
000234,20241205,1
000234,20241206,1
000234,20241207,1
000234,20241208,1
000234,20241209,1
000234,20241210,1
000234,20241211,1
000234,20241212,1
000234,20241213,1
000234,20241214,1
000235,20241107,1
000235,20241108,1
000236,20250110,1
000237,20241024,1
000237,20241025,1
000237,20241026,1
000237,20241027,1
000237,20241028,1
000237,20241029,1
000237,20241030,1
000237,20241031,1
000237,20241101,1
000237,20241102,1
000237,20241103,1
000237,20241104,1
000237,20241105,1
000237,20241106,1
000237,20241107,1
000237,20241109,1
000237,20241111,1
000237,20241112,1
000237,20241113,1
000237,20241114,1
000237,20241115,1
000237,20241116,1
000237,20241118,1
000237,20241119,1
000237,20241120,1
000237,20241121,1
000237,20241122,1
000237,20241123,1
000237,20241125,1
000237,20241126,1
000237,20241127,1
000237,20241128,1
000237,20241129,1
000237,20241130,1
000237,20241202,1
000237,20241203,1
000237,20241204,1
000237,20241205,1
000237,20241206,1
000237,20241207,1
000237,20241208,1
000237,20241209,1
000237,20241210,1
000237,20241211,1
000237,20241212,1
000237,20241213,1
000237,20241214,1
000238,20241124,1
000238,20241201,1
000239,20241124,1
000239,20241201,1
000239,20241207,1
000239,20241208,1
000239,20241214,1
000240,20241118,1
000240,20241119,1
000240,20241120,1
000240,20241121,1
000240,20241125,1
000240,20241126,1
000240,20241127,1
000240,20241128,1
000240,20241202,1
000240,20241203,1
000240,20241204,1
000240,20241205,1
000240,20241209,1
000240,20241210,1
000240,20241211,1
000240,20241212,1
000241,20241026,1
000241,20241027,1
000241,20241101,1
000241,20241102,1
000241,20241103,1
000241,20241110,1
000241,20241111,1
000241,20241117,1
000242,20241024,1
000242,20241025,1
000242,20241028,1
000242,20241029,1
000242,20241030,1
000242,20241031,1
000242,20241104,1
000242,20241105,1
000242,20241106,1
000242,20241107,1
000242,20241108,1
000242,20241112,1
000242,20241113,1
000242,20241114,1
000242,20241115,1
000242,20241122,1
000242,20241129,1
000242,20241206,1
000242,20241213,1
000243,20241116,1
000243,20241123,1
000243,20241130,1
000244,20241024,1
000244,20241025,1
000245,20241028,1
000245,20241029,1
000245,20241030,1
000245,20241031,1
000245,20241101,1
000245,20241107,1
000245,20241108,1
000245,20241111,1
000245,20241112,1
000245,20241115,1
000246,20241207,1
000246,20241208,1
000246,20241214,1
000247,20241123,1
000248,20241124,1
000248,20241130,1
000248,20241201,1
000249,20241122,1
000249,20241202,1
000249,20241206,1
000249,20241209,1
000249,20241213,1
000250,20241027,1
000250,20241102,1
000250,20241103,1
000250,20241116,1
000251,20241216,1
000251,20241217,1
000251,20241218,1
000251,20241219,1
000251,20241220,1
000251,20241223,1
000251,20241224,1
000251,20241226,1
000251,20241227,1
000252,20241215,1
000252,20241221,1
000252,20241222,1
000252,20241225,1
000252,20241228,1
000252,20241229,1
000252,20250101,1
000252,20250104,1
000252,20250105,1
000253,20241230,1
000253,20241231,1
000253,20250102,1
000253,20250103,1
000254,20241024,1
000254,20241025,1
000254,20241026,1
000254,20241027,1
000254,20241028,1
000254,20241029,1
000254,20241030,1
000254,20241031,1
000254,20241103,1
000254,20241104,1
000254,20241105,1
000254,20241106,1
000254,20241107,1
000254,20241108,1
000254,20241111,1
000254,20241112,1
000254,20241113,1
000254,20241114,1
000254,20241115,1
000254,20241116,1
000254,20241117,1
000254,20241118,1
000254,20241119,1
000254,20241120,1
000254,20241121,1
000254,20241122,1
000254,20241123,1
000254,20241124,1
000254,20241125,1
000254,20241126,1
000254,20241127,1
000254,20241128,1
000254,20241129,1
000254,20241201,1
000254,20241202,1
000254,20241203,1
000254,20241204,1
000254,20241205,1
000254,20241206,1
000254,20241207,1
000254,20241209,1
000254,20241210,1
000254,20241211,1
000254,20241212,1
000254,20241213,1
000254,20241214,1
000255,20241024,1
000255,20241025,1
000255,20241026,1
000255,20241027,1
000255,20241028,1
000255,20241029,1
000255,20241030,1
000255,20241031,1
000255,20241101,1
000255,20241102,1
000255,20241103,1
000255,20241104,1
000255,20241105,1
000255,20241106,1
000255,20241107,1
000255,20241108,1
000255,20241111,1
000255,20241112,1
000255,20241113,1
000255,20241114,1
000255,20241115,1
000255,20241117,1
000255,20241118,1
000255,20241119,1
000255,20241120,1
000255,20241121,1
000255,20241122,1
000255,20241124,1
000255,20241125,1
000255,20241126,1
000255,20241127,1
000255,20241128,1
000255,20241129,1
000255,20241201,1
000255,20241202,1
000255,20241203,1
000255,20241204,1
000255,20241205,1
000255,20241206,1
000255,20241208,1
000255,20241209,1
000255,20241210,1
000255,20241211,1
000255,20241212,1
000255,20241213,1
000255,20241214,1
000256,20241026,1
000256,20241112,1
000256,20241115,1
000256,20241116,1
000256,20241122,1
000256,20241123,1
000256,20241202,1
000256,20241206,1
000256,20241207,1
000256,20241209,1
000256,20241213,1
000256,20241214,1
000257,20241027,1
000257,20241103,1
000257,20241111,1
000257,20241117,1
000257,20241124,1
000257,20241208,1
000258,20241024,1
000258,20241025,1
000258,20241028,1
000258,20241029,1
000258,20241030,1
000258,20241031,1
000258,20241107,1
000258,20241108,1
000259,20241130,1
000259,20241201,1
000260,20241216,1
000260,20241217,1
000260,20241218,1
000260,20241219,1
000260,20241223,1
000260,20241224,1
000260,20241226,1
000260,20241230,1
000260,20241231,1
000260,20250102,1
000261,20241104,1
000261,20241111,1
000261,20241118,1
000261,20241125,1
000261,20241202,1
000261,20241209,1
000262,20241105,1
000262,20241106,1
000262,20241107,1
000262,20241112,1
000262,20241113,1
000262,20241114,1
000262,20241119,1
000262,20241120,1
000262,20241121,1
000262,20241126,1
000262,20241127,1
000262,20241128,1
000262,20241203,1
000262,20241204,1
000262,20241205,1
000262,20241210,1
000262,20241211,1
000262,20241212,1
000263,20241027,1
000263,20241117,1
000263,20241124,1
000263,20241208,1
000264,20241026,1
000264,20241116,1
000264,20241123,1
000264,20241130,1
000264,20241207,1
000264,20241214,1
000265,20241215,1
000265,20241216,1
000265,20241217,1
000265,20241218,1
000265,20241219,1
000265,20241220,1
000265,20241222,1
000265,20241223,1
000265,20241224,1
000265,20241225,1
000265,20241226,1
000265,20241227,1
000265,20241229,1
000265,20241230,1
000265,20241231,1
000265,20250101,1
000265,20250102,1
000265,20250103,1
000265,20250105,1
000265,20250106,1
000265,20250107,1
000265,20250108,1
000265,20250109,1
000265,20250110,1
000265,20250113,1
000265,20250114,1
000265,20250115,1
000265,20250116,1
000265,20250117,1
000265,20250119,1
000265,20250120,1
000265,20250121,1
000265,20250122,1
000266,20241221,1
000266,20241228,1
000266,20250104,1
000266,20250118,1
000267,20250111,1
000267,20250112,1
000268,20241027,1
000268,20241103,1
000268,20241117,1
000268,20241124,1
000268,20241201,1
000268,20241208,1
000269,20241026,1
000269,20241116,1
000269,20241123,1
000269,20241130,1
000269,20241214,1
000270,20241104,1
000270,20241118,1
000270,20241125,1
000270,20241202,1
000270,20241209,1
000271,20250106,1
000271,20250107,1
000271,20250108,1
000271,20250109,1
000271,20250110,1
000271,20250111,1
000271,20250113,1
000271,20250114,1
000271,20250115,1
000271,20250116,1
000271,20250117,1
000271,20250120,1
000271,20250121,1
000271,20250122,1
000272,20241216,1
000272,20241217,1
000272,20241218,1
000272,20241219,1
000272,20241220,1
000272,20241221,1
000272,20241223,1
000272,20241224,1
000272,20241225,1
000272,20241226,1
000272,20241227,1
000272,20241228,1
000272,20241230,1
000272,20241231,1
000272,20250101,1
000272,20250102,1
000272,20250103,1
000272,20250104,1
000272,20250118,1
000273,20241104,1
000273,20241105,1
000273,20241106,1
000273,20241107,1
000273,20241108,1
000273,20241112,1
000273,20241113,1
000273,20241114,1
000273,20241115,1
000273,20241118,1
000273,20241119,1
000273,20241120,1
000273,20241121,1
000273,20241122,1
000274,20241024,1
000274,20241028,1
000274,20241029,1
000274,20241030,1
000274,20241031,1
000274,20241101,1
000274,20241102,1
000274,20241103,1
000274,20241109,1
000274,20241110,1
000274,20241111,1
000274,20241116,1
000274,20241117,1
000274,20241123,1
000274,20241125,1
000274,20241126,1
000274,20241127,1
000274,20241128,1
000274,20241129,1
000274,20241130,1
000274,20241202,1
000274,20241203,1
000274,20241204,1
000274,20241205,1
000274,20241206,1
000274,20241207,1
000274,20241208,1
000274,20241209,1
000274,20241210,1
000274,20241211,1
000274,20241212,1
000274,20241213,1
000274,20241214,1
000275,20241024,1
000275,20241028,1
000275,20241029,1
000275,20241030,1
000275,20241031,1
000275,20241101,1
000275,20241102,1
000275,20241103,1
000275,20241104,1
000275,20241105,1
000275,20241106,1
000275,20241107,1
000275,20241108,1
000275,20241109,1
000275,20241110,1
000275,20241111,1
000275,20241113,1
000275,20241114,1
000275,20241115,1
000275,20241116,1
000275,20241117,1
000275,20241118,1
000275,20241119,1
000275,20241120,1
000275,20241121,1
000275,20241122,1
000275,20241125,1
000275,20241126,1
000275,20241127,1
000275,20241128,1
000275,20241129,1
000275,20241202,1
000275,20241203,1
000275,20241204,1
000275,20241205,1
000275,20241206,1
000275,20241207,1
000275,20241208,1
000275,20241209,1
000275,20241210,1
000275,20241211,1
000275,20241213,1
000275,20241214,1
000276,20241112,1
000276,20241212,1
000277,20241028,1
000277,20241029,1
000277,20241102,1
000277,20241103,1
000277,20241104,1
000277,20241109,1
000277,20241110,1
000277,20241111,1
000277,20241116,1
000277,20241117,1
000277,20241118,1
000277,20241124,1
000277,20241125,1
000277,20241201,1
000277,20241202,1
000277,20241207,1
000277,20241208,1
000277,20241209,1
000277,20241214,1
000278,20241024,1
000278,20241030,1
000278,20241031,1
000278,20241101,1
000278,20241105,1
000278,20241106,1
000278,20241107,1
000278,20241108,1
000278,20241112,1
000278,20241113,1
000278,20241114,1
000278,20241115,1
000278,20241119,1
000278,20241120,1
000278,20241121,1
000278,20241122,1
000278,20241126,1
000278,20241127,1
000278,20241128,1
000278,20241129,1
000278,20241203,1
000278,20241204,1
000278,20241205,1
000278,20241206,1
000278,20241210,1
000278,20241211,1
000278,20241212,1
000278,20241213,1
000279,20241024,1
000279,20241202,1
000279,20241203,1
000279,20241204,1
000279,20241205,1
000279,20241206,1
000279,20241207,1
000279,20241208,1
000279,20241209,1
000279,20241210,1
000279,20241211,1
000279,20241212,1
000279,20241213,1
000279,20241214,1
000280,20241028,1
000280,20241029,1
000280,20241030,1
000280,20241031,1
000280,20241101,1
000280,20241102,1
000280,20241103,1
000280,20241104,1
000280,20241105,1
000280,20241106,1
000280,20241107,1
000280,20241108,1
000280,20241109,1
000280,20241110,1
000280,20241111,1
000280,20241112,1
000280,20241113,1
000280,20241114,1
000280,20241115,1
000280,20241116,1
000280,20241117,1
000280,20241118,1
000280,20241119,1
000280,20241120,1
000280,20241121,1
000280,20241122,1
000280,20241125,1
000280,20241126,1
000280,20241127,1
000280,20241128,1
000280,20241129,1
000281,20241024,1
000281,20241201,1
000281,20241202,1
000281,20241203,1
000281,20241204,1
000281,20241205,1
000281,20241206,1
000281,20241207,1
000281,20241208,1
000281,20241209,1
000281,20241210,1
000281,20241211,1
000281,20241212,1
000281,20241213,1
000281,20241214,1
000282,20241103,1
000282,20241110,1
000282,20241117,1
000283,20241028,1
000283,20241029,1
000283,20241030,1
000283,20241031,1
000283,20241125,1
000283,20241126,1
000283,20241127,1
000283,20241128,1
000283,20241129,1
000284,20241101,1
000284,20241102,1
000284,20241109,1
000284,20241111,1
000284,20241116,1
000284,20241124,1
000285,20241024,1
000285,20241201,1
000285,20241202,1
000285,20241203,1
000285,20241204,1
000285,20241205,1
000285,20241206,1
000285,20241208,1
000285,20241209,1
000285,20241210,1
000285,20241211,1
000285,20241212,1
000285,20241213,1
000286,20241103,1
000286,20241110,1
000286,20241117,1
000286,20241124,1
000287,20241102,1
000287,20241109,1
000287,20241116,1
000288,20241101,1
000288,20241108,1
000288,20241115,1
000288,20241122,1
000288,20241129,1
000289,20241207,1
000289,20241214,1
000290,20241028,1
000290,20241104,1
000290,20241108,1
000291,20241024,1
000291,20241029,1
000291,20241030,1
000291,20241031,1
000291,20241105,1
000291,20241106,1
000291,20241107,1
000291,20241112,1
000292,20241115,1
000292,20241118,1
000292,20241122,1
000292,20241125,1
000292,20241129,1
000292,20241202,1
000292,20241206,1
000292,20241209,1
000292,20241213,1
000293,20241113,1
000293,20241114,1
000293,20241119,1
000293,20241120,1
000293,20241121,1
000293,20241126,1
000293,20241127,1
000293,20241128,1
000293,20241203,1
000293,20241204,1
000293,20241205,1
000293,20241210,1
000293,20241211,1
000293,20241212,1
000294,20241217,1
000294,20241218,1
000294,20241219,1
000294,20250107,1
000294,20250108,1
000294,20250109,1
000294,20250115,1
000294,20250117,1
000294,20250122,1
000295,20241220,1
000295,20250110,1
000295,20250114,1
000295,20250116,1
000295,20250121,1
000296,20241224,1
000296,20241225,1
000296,20241226,1
000296,20241231,1
000296,20250101,1
000296,20250102,1
000297,20241216,1
000297,20241223,1
000297,20241227,1
000297,20241230,1
000297,20250103,1
000297,20250106,1
000297,20250113,1
000297,20250120,1
000298,20241024,1
000298,20241028,1
000298,20241029,1
000298,20241030,1
000298,20241031,1
000298,20241101,1
000298,20241104,1
000298,20241105,1
000298,20241106,1
000298,20241107,1
000298,20241108,1
000298,20241112,1
000299,20241113,1
000299,20241114,1
000299,20241115,1
000299,20241116,1
000299,20241117,1
000299,20241118,1
000299,20241119,1
000299,20241120,1
000299,20241121,1
000299,20241122,1
000299,20241125,1
000299,20241126,1
000299,20241127,1
000299,20241128,1
000299,20241129,1
000299,20241130,1
000299,20241202,1
000299,20241203,1
000299,20241204,1
000299,20241205,1
000299,20241206,1
000299,20241207,1
000299,20241208,1
000299,20241209,1
000299,20241210,1
000299,20241211,1
000299,20241212,1
000299,20241213,1
000299,20241214,1
000300,20250116,1
000301,20241215,1
000301,20241216,1
000301,20241217,1
000301,20241218,1
000301,20241219,1
000301,20241220,1
000301,20241221,1
000301,20241222,1
000301,20241223,1
000301,20241224,1
000301,20241225,1
000301,20241226,1
000301,20241227,1
000301,20241228,1
000301,20241229,1
000301,20241230,1
000301,20241231,1
000301,20250101,1
000301,20250102,1
000301,20250103,1
000301,20250104,1
000301,20250105,1
000301,20250106,1
000301,20250107,1
000301,20250108,1
000301,20250109,1
000301,20250110,1
000301,20250111,1
000301,20250112,1
000301,20250113,1
000301,20250114,1
000301,20250115,1
000301,20250117,1
000301,20250118,1
000301,20250119,1
000301,20250120,1
000301,20250121,1
000301,20250122,1
000302,20241102,1
000302,20241103,1
000303,20241113,1
000303,20241114,1
000303,20241115,1
000303,20241116,1
000303,20241117,1
000303,20241118,1
000303,20241119,1
000303,20241120,1
000303,20241121,1
000303,20241122,1
000303,20241123,1
000303,20241125,1
000303,20241126,1
000303,20241127,1
000303,20241128,1
000303,20241129,1
000303,20241130,1
000303,20241201,1
000303,20241202,1
000303,20241203,1
000303,20241204,1
000303,20241205,1
000303,20241206,1
000303,20241207,1
000303,20241208,1
000303,20241209,1
000303,20241210,1
000303,20241211,1
000303,20241212,1
000303,20241213,1
000303,20241214,1
000304,20250113,1
000304,20250115,1
000304,20250120,1
000304,20250122,1
000305,20241215,1
000305,20241216,1
000305,20241217,1
000305,20241218,1
000305,20241219,1
000305,20241220,1
000305,20241223,1
000305,20241224,1
000305,20241225,1
000305,20241226,1
000305,20241227,1
000305,20241228,1
000305,20241230,1
000305,20241231,1
000305,20250101,1
000305,20250102,1
000305,20250103,1
000305,20250106,1
000305,20250107,1
000305,20250108,1
000305,20250109,1
000305,20250110,1
000305,20250111,1
000305,20250112,1
000305,20250114,1
000305,20250116,1
000305,20250117,1
000305,20250118,1
000305,20250119,1
000305,20250121,1
000306,20241221,1
000306,20241222,1
000306,20241229,1
000306,20250104,1
000306,20250105,1
000307,20241028,1
000307,20241029,1
000307,20241030,1
000307,20241104,1
000307,20241105,1
000307,20241106,1
000307,20241107,1
000307,20241108,1
000307,20241112,1
000308,20241031,1
000308,20241101,1
000309,20241028,1
000309,20241104,1
000309,20241105,1
000309,20241106,1
000309,20241112,1
000310,20241216,1
000310,20241217,1
000310,20241218,1
000310,20250106,1
000310,20250107,1
000310,20250108,1
000310,20250114,1
000310,20250116,1
000310,20250121,1
000311,20241219,1
000311,20250109,1
000311,20250113,1
000311,20250115,1
000311,20250120,1
000311,20250122,1
000312,20241223,1
000312,20241224,1
000312,20241225,1
000312,20250101,1
000313,20241215,1
000313,20241220,1
000313,20250110,1
000313,20250111,1
000313,20250112,1
000313,20250117,1
000313,20250118,1
000313,20250119,1
000314,20241230,1
000314,20241231,1
000315,20241221,1
000315,20241222,1
000315,20241226,1
000315,20241227,1
000315,20241228,1
000315,20241229,1
000315,20250102,1
000315,20250103,1
000315,20250104,1
000315,20250105,1
000316,20241113,1
000316,20241202,1
000316,20241203,1
000316,20241204,1
000316,20241209,1
000316,20241210,1
000316,20241211,1
000317,20241114,1
000317,20241115,1
000317,20241116,1
000317,20241117,1
000317,20241123,1
000317,20241130,1
000317,20241201,1
000317,20241205,1
000317,20241206,1
000317,20241207,1
000317,20241208,1
000317,20241212,1
000317,20241213,1
000317,20241214,1
000318,20241024,1
000318,20241031,1
000318,20241103,1
000319,20241114,1
000319,20241121,1
000319,20241128,1
000319,20241205,1
000319,20241212,1
000320,20241113,1
000320,20241115,1
000320,20241118,1
000320,20241119,1
000320,20241120,1
000320,20241122,1
000320,20241125,1
000320,20241126,1
000320,20241127,1
000320,20241129,1
000320,20241202,1
000320,20241203,1
000320,20241204,1
000320,20241206,1
000320,20241209,1
000320,20241210,1
000320,20241211,1
000320,20241213,1
000321,20241024,1
000321,20241107,1
000322,20241029,1
000322,20241103,1
000322,20241104,1
000322,20241105,1
000322,20241106,1
000322,20241108,1
000322,20241112,1
000323,20241219,1
000323,20241226,1
000323,20250102,1
000323,20250109,1
000323,20250113,1
000323,20250120,1
000324,20241215,1
000324,20241216,1
000324,20241217,1
000324,20241218,1
000324,20241220,1
000324,20241221,1
000324,20241223,1
000324,20241224,1
000324,20241225,1
000324,20241227,1
000324,20241230,1
000324,20241231,1
000324,20250101,1
000324,20250104,1
000324,20250105,1
000324,20250106,1
000324,20250107,1
000324,20250108,1
000324,20250110,1
000324,20250111,1
000324,20250112,1
000324,20250114,1
000324,20250115,1
000324,20250116,1
000324,20250117,1
000324,20250118,1
000324,20250119,1
000324,20250121,1
000324,20250122,1
000325,20241222,1
000325,20241228,1
000325,20241229,1
000325,20250103,1
000326,20241116,1
000326,20241117,1
000326,20241124,1
000326,20241201,1
000326,20241207,1
000326,20241208,1
000326,20241214,1
000327,20241028,1
000327,20241030,1
000328,20241024,1
000328,20241028,1
000328,20241029,1
000328,20241030,1
000328,20241103,1
000328,20241104,1
000328,20241105,1
000328,20241106,1
000328,20241107,1
000328,20241108,1
000328,20241111,1
000328,20241112,1
000329,20241215,1
000329,20241216,1
000329,20241217,1
000329,20241218,1
000329,20241219,1
000329,20241220,1
000329,20241222,1
000329,20241223,1
000329,20241224,1
000329,20241225,1
000329,20241226,1
000329,20241227,1
000329,20241229,1
000329,20241230,1
000329,20241231,1
000329,20250101,1
000329,20250102,1
000329,20250103,1
000329,20250105,1
000329,20250106,1
000329,20250107,1
000329,20250108,1
000329,20250109,1
000329,20250110,1
000329,20250111,1
000329,20250112,1
000329,20250113,1
000329,20250114,1
000329,20250115,1
000329,20250116,1
000329,20250117,1
000329,20250119,1
000329,20250120,1
000329,20250121,1
000329,20250122,1
000330,20241113,1
000330,20241114,1
000330,20241115,1
000330,20241116,1
000330,20241117,1
000330,20241118,1
000330,20241119,1
000330,20241120,1
000330,20241121,1
000330,20241122,1
000330,20241124,1
000330,20241125,1
000330,20241126,1
000330,20241127,1
000330,20241128,1
000330,20241129,1
000330,20241201,1
000330,20241202,1
000330,20241203,1
000330,20241204,1
000330,20241205,1
000330,20241206,1
000330,20241207,1
000330,20241208,1
000330,20241209,1
000330,20241210,1
000330,20241211,1
000330,20241212,1
000330,20241213,1
000330,20241214,1
000331,20250114,1
000331,20250116,1
000331,20250121,1
000332,20241113,1
000332,20241114,1
000332,20241115,1
000332,20241116,1
000332,20241122,1
000332,20241129,1
000332,20241201,1
000332,20241202,1
000332,20241203,1
000332,20241204,1
000332,20241205,1
000332,20241206,1
000332,20241207,1
000332,20241208,1
000332,20241209,1
000332,20241210,1
000332,20241211,1
000332,20241212,1
000332,20241213,1
000332,20241214,1
000333,20241215,1
000333,20241216,1
000333,20241217,1
000333,20241218,1
000333,20241219,1
000333,20241220,1
000333,20241221,1
000333,20241222,1
000333,20241223,1
000333,20241224,1
000333,20241225,1
000333,20241226,1
000333,20241227,1
000333,20241228,1
000333,20241229,1
000333,20241230,1
000333,20241231,1
000333,20250101,1
000333,20250102,1
000333,20250103,1
000333,20250104,1
000333,20250105,1
000333,20250106,1
000333,20250107,1
000333,20250108,1
000333,20250109,1
000333,20250110,1
000333,20250111,1
000333,20250112,1
000333,20250113,1
000333,20250115,1
000333,20250117,1
000333,20250118,1
000333,20250119,1
000333,20250120,1
000333,20250122,1
000334,20241024,1
000334,20241028,1
000334,20241029,1
000334,20241030,1
000334,20241031,1
000334,20241103,1
000334,20241104,1
000334,20241105,1
000334,20241106,1
000334,20241107,1
000334,20241108,1
000334,20241111,1
000334,20241112,1
000335,20241115,1
000335,20241117,1
000335,20241122,1
000335,20241124,1
000335,20241129,1
000335,20241201,1
000335,20241206,1
000335,20241208,1
000335,20241213,1
000336,20241113,1
000336,20241114,1
000336,20241118,1
000336,20241119,1
000336,20241120,1
000336,20241121,1
000336,20241125,1
000336,20241126,1
000336,20241127,1
000336,20241128,1
000336,20241202,1
000336,20241203,1
000336,20241204,1
000336,20241205,1
000336,20241209,1
000336,20241210,1
000336,20241211,1
000336,20241212,1
000337,20241024,1
000337,20241028,1
000337,20241029,1
000337,20241030,1
000337,20241031,1
000337,20241104,1
000337,20241105,1
000337,20241106,1
000337,20241107,1
000337,20241111,1
000337,20241112,1
000338,20250113,1
000338,20250114,1
000338,20250115,1
000338,20250116,1
000338,20250120,1
000338,20250121,1
000338,20250122,1
000339,20241215,1
000339,20241220,1
000339,20241222,1
000339,20241227,1
000339,20241229,1
000339,20250103,1
000339,20250105,1
000339,20250110,1
000339,20250112,1
000339,20250119,1
000340,20241216,1
000340,20241217,1
000340,20241218,1
000340,20241219,1
000340,20241223,1
000340,20241224,1
000340,20241225,1
000340,20241226,1
000340,20241230,1
000340,20241231,1
000340,20250101,1
000340,20250102,1
000340,20250106,1
000340,20250107,1
000340,20250108,1
000340,20250109,1
000341,20241118,1
000341,20241125,1
000342,20241119,1
000342,20241120,1
000342,20241121,1
000342,20241122,1
000342,20241126,1
000342,20241127,1
000342,20241128,1
000342,20241129,1
000343,20241024,1
000343,20241029,1
000343,20241030,1
000343,20241031,1
000343,20241101,1
000343,20241105,1
000343,20241106,1
000343,20241107,1
000343,20241108,1
000343,20241112,1
000344,20241116,1
000344,20241123,1
000344,20241130,1
000344,20241202,1
000344,20241207,1
000344,20241209,1
000344,20241214,1
000345,20241216,1
000345,20241221,1
000345,20241223,1
000345,20241228,1
000345,20241230,1
000345,20250104,1
000345,20250106,1
000345,20250111,1
000345,20250113,1
000345,20250120,1
000346,20241217,1
000346,20241218,1
000346,20241219,1
000346,20241220,1
000346,20241224,1
000346,20241225,1
000346,20241226,1
000346,20241227,1
000346,20241231,1
000346,20250101,1
000346,20250102,1
000346,20250103,1
000346,20250107,1
000346,20250108,1
000346,20250109,1
000346,20250110,1
000347,20241028,1
000347,20241104,1
000348,20250114,1
000348,20250115,1
000348,20250116,1
000348,20250117,1
000348,20250121,1
000348,20250122,1
000349,20241113,1
000349,20241114,1
000349,20241115,1
000349,20241203,1
000349,20241204,1
000349,20241205,1
000349,20241206,1
000349,20241210,1
000349,20241211,1
000349,20241212,1
000349,20241213,1
000350,20241024,1
000350,20241028,1
000350,20241029,1
000350,20241030,1
000350,20241031,1
000350,20241104,1
000350,20241105,1
000350,20241106,1
000350,20241107,1
000350,20241108,1
000350,20241112,1
000351,20241102,1
000351,20241103,1
000351,20241109,1
000352,20241113,1
000352,20241114,1
000352,20241115,1
000352,20241116,1
000352,20241117,1
000352,20241124,1
000352,20241130,1
000352,20241201,1
000352,20241202,1
000352,20241203,1
000352,20241204,1
000352,20241205,1
000352,20241206,1
000352,20241207,1
000352,20241208,1
000352,20241209,1
000352,20241210,1
000352,20241211,1
000352,20241212,1
000352,20241213,1
000352,20241214,1
000353,20250115,1
000353,20250117,1
000353,20250122,1
000354,20241215,1
000354,20241216,1
000354,20241217,1
000354,20241218,1
000354,20241219,1
000354,20241220,1
000354,20241221,1
000354,20241223,1
000354,20241224,1
000354,20241225,1
000354,20241226,1
000354,20241227,1
000354,20241228,1
000354,20241230,1
000354,20241231,1
000354,20250101,1
000354,20250102,1
000354,20250103,1
000354,20250104,1
000354,20250106,1
000354,20250107,1
000354,20250108,1
000354,20250109,1
000354,20250110,1
000354,20250111,1
000354,20250112,1
000354,20250113,1
000354,20250114,1
000354,20250116,1
000354,20250118,1
000354,20250119,1
000354,20250120,1
000354,20250121,1
000355,20241115,1
000355,20241122,1
000355,20241129,1
000355,20241206,1
000355,20241213,1
000356,20241113,1
000356,20241114,1
000356,20241116,1
000356,20241117,1
000356,20241118,1
000356,20241119,1
000356,20241120,1
000356,20241121,1
000356,20241124,1
000356,20241125,1
000356,20241126,1
000356,20241127,1
000356,20241128,1
000356,20241130,1
000356,20241201,1
000356,20241202,1
000356,20241203,1
000356,20241204,1
000356,20241205,1
000356,20241207,1
000356,20241208,1
000356,20241209,1
000356,20241210,1
000356,20241211,1
000356,20241212,1
000356,20241214,1
000357,20241028,1
000357,20241029,1
000357,20241104,1
000357,20241105,1
000357,20241106,1
000357,20241107,1
000357,20241112,1
000358,20241030,1
000358,20241031,1
000359,20241220,1
000359,20241227,1
000359,20250103,1
000359,20250110,1
000359,20250114,1
000359,20250121,1
000360,20241215,1
000360,20241216,1
000360,20241217,1
000360,20241218,1
000360,20241219,1
000360,20241223,1
000360,20241224,1
000360,20241225,1
000360,20241226,1
000360,20241229,1
000360,20241230,1
000360,20241231,1
000360,20250101,1
000360,20250102,1
000360,20250106,1
000360,20250107,1
000360,20250108,1
000360,20250109,1
000360,20250111,1
000360,20250112,1
000360,20250113,1
000360,20250115,1
000360,20250116,1
000360,20250117,1
000360,20250118,1
000360,20250119,1
000360,20250120,1
000360,20250122,1
000361,20241221,1
000361,20241222,1
000361,20241228,1
000361,20250104,1
000361,20250105,1
000362,20241101,1
000362,20241102,1
000362,20241111,1
000363,20241024,1
000363,20241028,1
000363,20241029,1
000363,20241103,1
000363,20241104,1
000363,20241105,1
000363,20241106,1
000363,20241107,1
000363,20241108,1
000363,20241112,1
000364,20241215,1
000364,20241216,1
000364,20241217,1
000364,20241218,1
000364,20241219,1
000364,20241220,1
000364,20241223,1
000364,20241224,1
000364,20241225,1
000364,20250101,1
000364,20250106,1
000364,20250107,1
000364,20250108,1
000364,20250109,1
000364,20250110,1
000364,20250111,1
000364,20250112,1
000364,20250113,1
000364,20250114,1
000364,20250115,1
000364,20250116,1
000364,20250117,1
000364,20250118,1
000364,20250120,1
000364,20250121,1
000364,20250122,1
000365,20241221,1
000365,20241222,1
000365,20241226,1
000365,20241227,1
000365,20241228,1
000365,20241229,1
000365,20241230,1
000365,20241231,1
000365,20250102,1
000365,20250103,1
000365,20250104,1
000365,20250105,1
000366,20241029,1
000366,20241105,1
000366,20241106,1
000366,20241107,1
000366,20241112,1
000367,20241028,1
000367,20241103,1
000367,20241104,1
000367,20241108,1
000368,20241115,1
000368,20241116,1
000368,20241117,1
000368,20241118,1
000368,20241122,1
000368,20241124,1
000368,20241125,1
000368,20241129,1
000368,20241201,1
000368,20241202,1
000368,20241206,1
000368,20241207,1
000368,20241208,1
000368,20241209,1
000368,20241213,1
000368,20241214,1
000369,20241215,1
000369,20241216,1
000369,20241222,1
000369,20241223,1
000369,20241227,1
000369,20241230,1
000369,20250103,1
000369,20250105,1
000369,20250106,1
000369,20250111,1
000369,20250112,1
000369,20250113,1
000369,20250118,1
000369,20250119,1
000369,20250120,1
000370,20241221,1
000370,20241228,1
000370,20241229,1
000370,20250104,1
000371,20241113,1
000371,20241114,1
000371,20241115,1
000371,20241116,1
000371,20241117,1
000371,20241118,1
000371,20241119,1
000371,20241120,1
000371,20241121,1
000371,20241122,1
000371,20241125,1
000371,20241126,1
000371,20241127,1
000371,20241128,1
000371,20241129,1
000371,20241201,1
000371,20241202,1
000371,20241203,1
000371,20241204,1
000371,20241205,1
000371,20241206,1
000371,20241207,1
000371,20241208,1
000371,20241209,1
000371,20241210,1
000371,20241211,1
000371,20241212,1
000371,20241213,1
000371,20241214,1
000372,20241220,1
000372,20241221,1
000372,20241223,1
000372,20241224,1
000372,20241225,1
000372,20241226,1
000372,20241227,1
000372,20241228,1
000372,20241229,1
000372,20241230,1
000372,20241231,1
000372,20250101,1
000372,20250102,1
000372,20250103,1
000372,20250104,1
000372,20250110,1
000372,20250111,1
000372,20250117,1
000372,20250118,1
000373,20241215,1
000373,20241216,1
000373,20241217,1
000373,20241218,1
000373,20241219,1
000373,20241222,1
000373,20250105,1
000373,20250106,1
000373,20250107,1
000373,20250108,1
000373,20250109,1
000373,20250112,1
000373,20250114,1
000373,20250116,1
000373,20250119,1
000373,20250121,1
000374,20241113,1
000374,20241114,1
000374,20241115,1
000374,20241116,1
000374,20241117,1
000374,20241124,1
000374,20241201,1
000374,20241202,1
000374,20241203,1
000374,20241204,1
000374,20241205,1
000374,20241206,1
000374,20241207,1
000374,20241208,1
000374,20241209,1
000374,20241210,1
000374,20241211,1
000374,20241212,1
000374,20241213,1
000374,20241214,1
000375,20241028,1
000375,20241029,1
000375,20241030,1
000375,20241104,1
000375,20241105,1
000375,20241106,1
000375,20241112,1
000376,20241024,1
000376,20241031,1
000376,20241107,1
000377,20241223,1
000377,20241224,1
000377,20241230,1
000377,20241231,1
000378,20241220,1
000378,20241226,1
000378,20241227,1
000378,20250102,1
000378,20250103,1
000378,20250110,1
000378,20250117,1
000379,20241113,1
000379,20241118,1
000379,20241119,1
000379,20241120,1
000379,20241125,1
000379,20241126,1
000379,20241127,1
000379,20241202,1
000379,20241203,1
000379,20241204,1
000379,20241209,1
000379,20241210,1
000379,20241211,1
000380,20241114,1
000380,20241115,1
000380,20241121,1
000380,20241122,1
000380,20241128,1
000380,20241129,1
000380,20241205,1
000380,20241206,1
000380,20241212,1
000380,20241213,1
000381,20241117,1
000381,20241124,1
000382,20241129,1
000382,20241206,1
000382,20241213,1
000383,20241112,1
000383,20241115,1
000383,20241122,1
000384,20241024,1
000384,20241030,1
000385,20241112,1
000385,20241113,1
000385,20241114,1
000385,20241115,1
000386,20241116,1
000386,20241117,1
000386,20241214,1
000387,20241109,1
000387,20241123,1
000388,20241109,1
000388,20241110,1
000388,20241112,1
000388,20241113,1
000388,20241114,1
000388,20241115,1
000388,20241116,1
000388,20241117,1
000388,20241214,1
000389,20241025,1
000389,20241108,1
000389,20241129,1
000389,20241206,1
000390,20241024,1
000390,20241029,1
000390,20241030,1
000390,20241031,1
000391,20241130,1
000391,20241207,1
000392,20241024,1
000392,20241028,1
000392,20241029,1
000392,20241030,1
000392,20241031,1
000392,20241124,1
000392,20241201,1
000393,20241024,1
000393,20241028,1
000393,20241029,1
000393,20241030,1
000393,20241031,1
000393,20241104,1
000393,20241105,1
000393,20241106,1
000393,20241107,1
000394,20241111,1
000394,20241112,1
000394,20241113,1
000394,20241114,1
000394,20241115,1
000394,20241118,1
000394,20241119,1
000394,20241120,1
000394,20241121,1
000394,20241122,1
000394,20241125,1
000394,20241126,1
000394,20241127,1
000394,20241128,1
000394,20241129,1
000394,20241202,1
000394,20241203,1
000394,20241204,1
000394,20241205,1
000394,20241206,1
000395,20241209,1
000395,20241210,1
000395,20241211,1
000395,20241212,1
000395,20241213,1
000396,20241103,1
000396,20241116,1
000396,20241123,1
000396,20241207,1
000396,20241214,1
000397,20241215,1
000397,20241223,1
000397,20241225,1
000397,20241226,1
000397,20241227,1
000397,20241228,1
000397,20241230,1
000397,20250101,1
000397,20250102,1
000397,20250103,1
000397,20250104,1
000398,20241222,1
000398,20241229,1
000398,20250105,1
000398,20250112,1
000399,20241220,1
000399,20241221,1
000400,20241127,1
000400,20241128,1
000400,20241204,1
000400,20241205,1
000401,20241113,1
000401,20241114,1
000402,20241118,1
000402,20241119,1
000402,20241120,1
000402,20241121,1
000403,20241028,1
000403,20241029,1
000403,20241030,1
000403,20241031,1
000403,20241101,1
000404,20241104,1
000404,20241105,1
000404,20241106,1
000404,20241107,1
000405,20241130,1
000405,20241207,1
000405,20241208,1
000406,20241209,1
000406,20241210,1
000406,20241211,1
000406,20241212,1
000407,20241125,1
000407,20241126,1
000407,20241202,1
000407,20241203,1
000408,20250113,1
000408,20250120,1
000409,20241215,1
000409,20241222,1
000409,20241225,1
000409,20241229,1
000409,20250101,1
000410,20241216,1
000410,20241217,1
000410,20241218,1
000411,20250108,1
000411,20250109,1
000411,20250116,1
000412,20250114,1
000412,20250121,1
000413,20250115,1
000413,20250122,1
000414,20250107,1
000415,20241223,1
000415,20241230,1
000416,20241223,1
000416,20241225,1
000417,20241221,1
000417,20241226,1
000417,20241228,1
000417,20250102,1
000417,20250104,1
000418,20250106,1
000418,20250107,1
000418,20250108,1
000418,20250109,1
000418,20250113,1
000418,20250114,1
000418,20250115,1
000418,20250116,1
000419,20241215,1
000419,20241222,1
000419,20250119,1
000420,20241230,1
000420,20250101,1
000420,20250102,1
000421,20241223,1
000421,20241225,1
000421,20241226,1
000422,20241222,1
000422,20241227,1
000422,20241229,1
000422,20250103,1
000423,20241105,1
000423,20241106,1
000423,20241107,1
000423,20241108,1
000423,20241113,1
000423,20241114,1
000423,20241115,1
000423,20241119,1
000423,20241120,1
000423,20241121,1
000423,20241122,1
000423,20241126,1
000423,20241127,1
000423,20241128,1
000423,20241129,1
000424,20241104,1
000424,20241118,1
000424,20241125,1
000425,20241028,1
000425,20241202,1
000425,20241209,1
000426,20241024,1
000426,20241029,1
000426,20241030,1
000426,20241031,1
000426,20241203,1
000426,20241204,1
000426,20241205,1
000426,20241206,1
000426,20241210,1
000426,20241211,1
000426,20241212,1
000426,20241213,1
000427,20241217,1
000427,20241218,1
000427,20241219,1
000427,20241220,1
000427,20241224,1
000427,20241226,1
000427,20241227,1
000427,20241231,1
000427,20250102,1
000427,20250103,1
000427,20250107,1
000427,20250108,1
000427,20250109,1
000427,20250110,1
000427,20250114,1
000427,20250115,1
000427,20250116,1
000427,20250117,1
000427,20250121,1
000427,20250122,1
000428,20241216,1
000428,20241223,1
000428,20241230,1
000428,20250106,1
000428,20250113,1
000428,20250120,1
000429,20241024,1
000429,20241028,1
000429,20241029,1
000429,20241030,1
000429,20241031,1
000429,20241101,1
000429,20241102,1
000429,20241202,1
000429,20241203,1
000429,20241204,1
000429,20241205,1
000429,20241206,1
000429,20241209,1
000429,20241210,1
000429,20241211,1
000429,20241212,1
000429,20241213,1
000429,20241214,1
000430,20241104,1
000430,20241105,1
000430,20241106,1
000430,20241107,1
000430,20241108,1
000430,20241109,1
000430,20241112,1
000430,20241113,1
000430,20241114,1
000430,20241115,1
000430,20241116,1
000430,20241118,1
000430,20241119,1
000430,20241120,1
000430,20241121,1
000430,20241122,1
000430,20241123,1
000430,20241125,1
000430,20241126,1
000430,20241127,1
000430,20241128,1
000430,20241129,1
000431,20241223,1
000431,20241224,1
000431,20241225,1
000431,20241226,1
000431,20241227,1
000431,20241228,1
000431,20241230,1
000431,20241231,1
000431,20250101,1
000431,20250102,1
000431,20250103,1
000431,20250104,1
000432,20241216,1
000432,20241217,1
000432,20241218,1
000432,20241219,1
000432,20241220,1
000432,20241221,1
000433,20241207,1
000433,20241208,1
000434,20241104,1
000434,20241105,1
000434,20241106,1
000434,20241107,1
000434,20241108,1
000434,20241109,1
000434,20241110,1
000434,20241111,1
000434,20241112,1
000434,20241113,1
000434,20241114,1
000434,20241115,1
000434,20241116,1
000434,20241117,1
000434,20241118,1
000434,20241119,1
000434,20241120,1
000434,20241121,1
000434,20241122,1
000434,20241123,1
000434,20241124,1
000434,20241125,1
000434,20241126,1
000434,20241127,1
000434,20241128,1
000434,20241129,1
000435,20241024,1
000435,20241028,1
000435,20241029,1
000435,20241031,1
000435,20241103,1
000435,20241202,1
000435,20241203,1
000435,20241204,1
000435,20241205,1
000435,20241206,1
000435,20241209,1
000435,20241210,1
000435,20241211,1
000435,20241212,1
000435,20241213,1
000435,20241214,1
000436,20241030,1
000436,20241101,1
000436,20241102,1
000437,20241215,1
000437,20241216,1
000437,20241217,1
000437,20241218,1
000437,20241219,1
000437,20241220,1
000437,20241222,1
000437,20241223,1
000437,20241224,1
000437,20241225,1
000437,20241226,1
000437,20241227,1
000437,20241230,1
000437,20241231,1
000437,20250101,1
000437,20250102,1
000437,20250105,1
000437,20250106,1
000437,20250107,1
000437,20250108,1
000437,20250109,1
000437,20250110,1
000437,20250113,1
000437,20250114,1
000437,20250115,1
000437,20250116,1
000437,20250117,1
000437,20250120,1
000437,20250121,1
000437,20250122,1
000438,20241221,1
000438,20241228,1
000438,20241229,1
000438,20250103,1
000438,20250104,1
000439,20241109,1
000439,20241116,1
000439,20241123,1
000440,20241102,1
000440,20241214,1
000441,20241024,1
000441,20241028,1
000441,20241029,1
000441,20241030,1
000441,20241031,1
000441,20241101,1
000441,20241102,1
000441,20241103,1
000441,20241202,1
000441,20241203,1
000441,20241204,1
000441,20241205,1
000441,20241206,1
000441,20241209,1
000441,20241210,1
000441,20241211,1
000441,20241212,1
000441,20241213,1
000441,20241214,1
000442,20241216,1
000442,20241217,1
000442,20241218,1
000442,20241219,1
000442,20241220,1
000442,20241221,1
000442,20241222,1
000442,20250106,1
000442,20250107,1
000442,20250108,1
000442,20250109,1
000442,20250110,1
000443,20241215,1
000443,20241223,1
000443,20241224,1
000443,20241225,1
000443,20241226,1
000443,20241227,1
000443,20241228,1
000443,20241229,1
000443,20241230,1
000443,20241231,1
000443,20250101,1
000443,20250102,1
000443,20250103,1
000443,20250104,1
000443,20250105,1
000444,20250118,1
000444,20250119,1
000445,20241024,1
000445,20241028,1
000445,20241029,1
000445,20241030,1
000445,20241031,1
000445,20241101,1
000445,20241102,1
000445,20241103,1
000445,20241202,1
000445,20241203,1
000445,20241204,1
000445,20241205,1
000445,20241206,1
000445,20241209,1
000445,20241210,1
000445,20241211,1
000445,20241213,1
000445,20241214,1
000446,20241104,1
000446,20241105,1
000446,20241106,1
000446,20241107,1
000446,20241108,1
000446,20241110,1
000446,20241111,1
000446,20241112,1
000446,20241113,1
000446,20241114,1
000446,20241115,1
000446,20241117,1
000446,20241118,1
000446,20241119,1
000446,20241120,1
000446,20241121,1
000446,20241122,1
000446,20241124,1
000446,20241125,1
000446,20241126,1
000446,20241127,1
000446,20241128,1
000446,20241129,1
000447,20250104,1
000447,20250105,1
000448,20241216,1
000448,20241218,1
000448,20241219,1
000448,20241220,1
000448,20241223,1
000448,20241225,1
000448,20241226,1
000448,20241227,1
000448,20241230,1
000448,20250101,1
000448,20250102,1
000448,20250103,1
000448,20250106,1
000448,20250108,1
000448,20250109,1
000448,20250110,1
000448,20250113,1
000448,20250115,1
000448,20250116,1
000448,20250117,1
000448,20250120,1
000448,20250122,1
000449,20241215,1
000449,20241217,1
000449,20241221,1
000449,20241222,1
000449,20241224,1
000449,20241228,1
000449,20241229,1
000449,20241231,1
000449,20250107,1
000449,20250114,1
000449,20250121,1
000450,20241216,1
000450,20241219,1
000450,20241220,1
000450,20241221,1
000450,20241222,1
000451,20241217,1
000451,20241218,1
000452,20241215,1
000452,20241223,1
000452,20241224,1
000452,20241225,1
000452,20241226,1
000452,20241227,1
000452,20241228,1
000452,20241229,1
000452,20241230,1
000452,20250101,1
000452,20250102,1
000452,20250103,1
000452,20250104,1
000452,20250105,1
000453,20241231,1
000454,20241216,1
000454,20241217,1
000454,20241218,1
000454,20241219,1
000454,20241220,1
000454,20241221,1
000454,20241223,1
000454,20241224,1
000454,20241225,1
000454,20241226,1
000454,20241227,1
000454,20241228,1
000454,20241230,1
000454,20241231,1
000454,20250101,1
000454,20250102,1
000454,20250103,1
000454,20250104,1
000454,20250106,1
000454,20250107,1
000454,20250108,1
000454,20250109,1
000454,20250110,1
000454,20250113,1
000454,20250114,1
000454,20250115,1
000454,20250116,1
000454,20250117,1
000454,20250120,1
000454,20250121,1
000454,20250122,1
000455,20241031,1
000455,20241206,1
000455,20241213,1
000456,20241220,1
000456,20241227,1
000456,20250103,1
000456,20250110,1
000457,20241108,1
000457,20241115,1
000457,20241122,1
000457,20241129,1
000458,20241215,1
000458,20241216,1
000458,20241217,1
000458,20241218,1
000458,20241219,1
000458,20241220,1
000458,20241221,1
000458,20241222,1
000458,20241223,1
000458,20241224,1
000458,20241225,1
000458,20241226,1
000458,20241227,1
000458,20241228,1
000458,20241229,1
000458,20241230,1
000458,20241231,1
000458,20250101,1
000458,20250102,1
000458,20250103,1
000458,20250104,1
000458,20250105,1
000458,20250106,1
000458,20250107,1
000458,20250108,1
000458,20250109,1
000458,20250110,1
000459,20241113,1
000459,20241114,1
000459,20241115,1
000459,20241118,1
000459,20241119,1
000459,20241120,1
000459,20241121,1
000459,20241122,1
000460,20241104,1
000460,20241105,1
000460,20241106,1
000460,20241107,1
000460,20241108,1
000460,20241109,1
000460,20241110,1
000460,20241111,1
000460,20241116,1
000460,20241117,1
000460,20241123,1
000460,20241124,1
000460,20241125,1
000460,20241126,1
000460,20241127,1
000460,20241128,1
000460,20241129,1
000461,20241216,1
000461,20241217,1
000461,20241218,1
000461,20241219,1
000461,20241220,1
000461,20241221,1
000461,20241222,1
000462,20241216,1
000462,20241217,1
000462,20241218,1
000462,20241219,1
000462,20241220,1
000462,20250106,1
000462,20250107,1
000462,20250108,1
000462,20250109,1
000462,20250110,1
000463,20241024,1
000463,20241028,1
000463,20241029,1
000463,20241030,1
000463,20241031,1
000463,20241202,1
000463,20241203,1
000463,20241204,1
000463,20241205,1
000463,20241206,1
000463,20241209,1
000463,20241210,1
000463,20241211,1
000463,20241212,1
000463,20241213,1
000464,20241110,1
000464,20241117,1
000464,20241124,1
000465,20241216,1
000465,20241217,1
000465,20241218,1
000465,20241219,1
000465,20241220,1
000465,20241223,1
000465,20241224,1
000465,20241225,1
000465,20241226,1
000465,20241227,1
000465,20241230,1
000465,20241231,1
000465,20250101,1
000465,20250102,1
000465,20250103,1
000465,20250106,1
000465,20250107,1
000465,20250108,1
000465,20250109,1
000465,20250110,1
000466,20241130,1
000466,20241201,1
000466,20241207,1
000466,20241208,1
000467,20241215,1
000467,20241216,1
000467,20241217,1
000467,20241218,1
000467,20241219,1
000467,20241220,1
000467,20241222,1
000467,20241223,1
000467,20241224,1
000467,20241225,1
000467,20241226,1
000467,20241227,1
000467,20241230,1
000467,20241231,1
000467,20250101,1
000467,20250102,1
000467,20250105,1
000467,20250106,1
000467,20250107,1
000467,20250108,1
000467,20250109,1
000467,20250110,1
000468,20241024,1
000468,20241028,1
000468,20241029,1
000468,20241031,1
000468,20241103,1
000468,20241104,1
000468,20241105,1
000468,20241106,1
000468,20241107,1
000468,20241108,1
000468,20241109,1
000468,20241112,1
000468,20241113,1
000468,20241114,1
000468,20241115,1
000468,20241116,1
000468,20241117,1
000468,20241118,1
000468,20241119,1
000468,20241120,1
000468,20241121,1
000468,20241122,1
000468,20241123,1
000468,20241124,1
000468,20241125,1
000468,20241126,1
000468,20241127,1
000468,20241128,1
000468,20241129,1
000468,20241202,1
000468,20241203,1
000468,20241204,1
000468,20241205,1
000468,20241206,1
000468,20241209,1
000468,20241210,1
000468,20241211,1
000468,20241212,1
000468,20241213,1
000468,20241214,1
000469,20241215,1
000469,20241229,1
000469,20250105,1
000470,20241104,1
000470,20241105,1
000470,20241106,1
000470,20241107,1
000470,20241108,1
000470,20241110,1
000470,20241112,1
000470,20241113,1
000470,20241114,1
000470,20241115,1
000470,20241117,1
000470,20241118,1
000470,20241119,1
000470,20241120,1
000470,20241121,1
000470,20241122,1
000470,20241124,1
000470,20241125,1
000470,20241126,1
000470,20241127,1
000470,20241128,1
000470,20241129,1
000471,20241024,1
000471,20241028,1
000471,20241029,1
000471,20241030,1
000471,20241031,1
000471,20241103,1
000471,20241202,1
000471,20241203,1
000471,20241204,1
000471,20241205,1
000471,20241206,1
000471,20241209,1
000471,20241210,1
000471,20241211,1
000471,20241212,1
000471,20241213,1
000472,20241215,1
000472,20241216,1
000472,20241217,1
000472,20241218,1
000472,20241219,1
000472,20241220,1
000472,20241222,1
000472,20241223,1
000472,20241224,1
000472,20241225,1
000472,20241226,1
000472,20241227,1
000472,20241229,1
000472,20241230,1
000472,20241231,1
000472,20250101,1
000472,20250102,1
000472,20250103,1
000472,20250105,1
000472,20250106,1
000472,20250107,1
000472,20250108,1
000472,20250109,1
000472,20250110,1
000472,20250113,1
000472,20250114,1
000472,20250115,1
000472,20250116,1
000472,20250117,1
000472,20250120,1
000472,20250121,1
000472,20250122,1
000473,20241024,1
000473,20241028,1
000473,20241029,1
000473,20241030,1
000473,20241101,1
000473,20241102,1
000473,20241103,1
000473,20241109,1
000473,20241110,1
000473,20241111,1
000473,20241116,1
000473,20241117,1
000473,20241123,1
000473,20241124,1
000473,20241125,1
000473,20241126,1
000473,20241127,1
000473,20241128,1
000473,20241202,1
000473,20241203,1
000473,20241204,1
000473,20241205,1
000473,20241207,1
000473,20241208,1
000473,20241209,1
000473,20241210,1
000473,20241211,1
000473,20241212,1
000473,20241214,1
000474,20241215,1
000474,20241216,1
000474,20241217,1
000474,20241218,1
000474,20241219,1
000474,20241221,1
000474,20241222,1
000474,20241223,1
000474,20241224,1
000474,20241225,1
000474,20241226,1
000474,20241228,1
000474,20241229,1
000474,20241230,1
000474,20241231,1
000474,20250101,1
000474,20250102,1
000474,20250104,1
000474,20250105,1
000474,20250106,1
000474,20250107,1
000474,20250108,1
000474,20250109,1
000474,20250113,1
000474,20250114,1
000474,20250115,1
000474,20250116,1
000474,20250120,1
000474,20250121,1
000474,20250122,1
000475,20241108,1
000475,20241115,1
000475,20241122,1
000476,20241024,1
000476,20241028,1
000476,20241029,1
000476,20241030,1
000476,20241031,1
000476,20241101,1
000476,20241202,1
000476,20241203,1
000476,20241204,1
000476,20241205,1
000476,20241206,1
000476,20241209,1
000476,20241210,1
000476,20241211,1
000476,20241212,1
000476,20241213,1
000476,20241214,1
000477,20241104,1
000477,20241105,1
000477,20241106,1
000477,20241107,1
000477,20241108,1
000477,20241111,1
000477,20241112,1
000477,20241113,1
000477,20241114,1
000477,20241115,1
000477,20241118,1
000477,20241119,1
000477,20241120,1
000477,20241121,1
000477,20241122,1
000478,20241215,1
000478,20241216,1
000478,20241217,1
000478,20241218,1
000478,20241219,1
000478,20241220,1
000478,20241221,1
000478,20241222,1
000478,20241223,1
000478,20241224,1
000478,20241225,1
000478,20241226,1
000478,20241227,1
000478,20241228,1
000478,20241229,1
000478,20250104,1
000478,20250105,1
000479,20241230,1
000479,20241231,1
000479,20250101,1
000479,20250102,1
000479,20250103,1
000479,20250106,1
000479,20250107,1
000479,20250108,1
000479,20250109,1
000479,20250110,1
000480,20250113,1
000480,20250115,1
000480,20250117,1
000480,20250120,1
000480,20250122,1
000481,20241109,1
000481,20241116,1
000481,20241117,1
000481,20241123,1
000481,20241124,1
000481,20241125,1
000481,20241126,1
000481,20241127,1
000481,20241128,1
000481,20241129,1
000000,20241024,1
000000,20241025,1
000000,20241026,1
000000,20241027,1
000000,20241028,1
000000,20241029,1
000000,20241030,1
000000,20241031,1
000000,20241101,1
000000,20241102,1
000000,20241103,1
000000,20241104,1
000000,20241105,1
000000,20241106,1
000000,20241107,1
000000,20241108,1
000000,20241109,1
000000,20241110,1
000000,20241111,1
000000,20241112,1
000000,20241113,1
000000,20241114,1
000000,20241115,1
000000,20241116,1
000000,20241117,1
000000,20241118,1
000000,20241119,1
000000,20241120,1
000000,20241121,1
000000,20241122,1
000000,20241123,1
000000,20241124,1
000000,20241125,1
000000,20241126,1
000000,20241127,1
000000,20241128,1
000000,20241129,1
000000,20241130,1
000000,20241201,1
000000,20241202,1
000000,20241203,1
000000,20241204,1
000000,20241205,1
000000,20241206,1
000000,20241207,1
000000,20241208,1
000000,20241209,1
000000,20241210,1
000000,20241211,1
000000,20241212,1
000000,20241213,1
000000,20241214,1
000000,20241215,1
000000,20241216,1
000000,20241217,1
000000,20241218,1
000000,20241219,1
000000,20241220,1
000000,20241221,1
000000,20241222,1
000000,20241223,1
000000,20241224,1
000000,20241225,1
000000,20241226,1
000000,20241227,1
000000,20241228,1
000000,20241229,1
000000,20241230,1
000000,20241231,1
000000,20250101,1
000000,20250102,1
000000,20250103,1
000000,20250104,1
000000,20250105,1
000000,20250106,1
000000,20250107,1
000000,20250108,1
000000,20250109,1
000000,20250110,1
000000,20250111,1
000000,20250112,1
000000,20250113,1
000000,20250114,1
000000,20250115,1
000000,20250116,1
000000,20250117,1
000000,20250118,1
000000,20250119,1
000000,20250120,1
000000,20250121,1
000000,20250122,1
